[
    [{ "currentFrameRate": 43.968735, "devices": [], "hands": [{ "armBasis": [
                [0.831524, -0.20356, 0.516848],
                [-0.139531, 0.824066, 0.549041],
                [-0.537679, -0.528657, 0.656828]
            ], "armWidth": 59.0, "confidence": 0.826847, "direction": [0.390733, 0.543278, -0.743086], "elbow": [-138.427261, -15.274909, 295.119995], "grabAngle": 2.666188, "grabStrength": 0.111013, "id": 8, "palmNormal": [0.13376, -0.832202, -0.538097], "palmPosition": [18.954418, 152.265594, 74.747719], "palmVelocity": [-3.552206, -6.963078, -11.057404], "palmWidth": 84.25, "pinchDistance": 64.549103, "pinchStrength": 1.0, "timeVisible": 0.81908, "type": "right", "wrist": [-4.007461, 116.88932, 130.912994] }], "id": 2805, "pointables": [{ "bases": [
                [
                    [0.96341, -0.018065, 0.267424],
                    [-0.097825, 0.905202, 0.41357],
                    [-0.249544, -0.424598, 0.870313]
                ],
                [
                    [0.993389, 0.065475, 0.094297],
                    [-0.099548, 0.9004, 0.42352],
                    [-0.057175, -0.430107, 0.900966]
                ],
                [
                    [0.993193, 0.064931, 0.096701],
                    [-0.064535, 0.997889, -0.007219],
                    [-0.096966, 0.000929, 0.995287]
                ],
                [
                    [0.993347, 0.064782, 0.095215],
                    [-0.044544, 0.978561, -0.201084],
                    [-0.1062, 0.195505, 0.974936]
                ]
            ], "btipPosition": [12.062496, 183.563736, -16.97876], "carpPosition": [-10.488717, 140.298843, 110.109024], "dipPosition": [10.817291, 185.856049, -5.54757], "direction": [0.096966, -0.000929, -0.995287], "extended": true, "handId": 8, "id": 81, "length": 52.672409, "mcpPosition": [6.510232, 169.222458, 50.823322], "pipPosition": [8.724045, 185.876099, 15.938152], "timeVisible": 0.81908, "tipPosition": [12.062496, 183.563736, -16.97876], "type": 1, "width": 17.91 }, { "bases": [
                [
                    [0.323083, 0.805747, 0.496377],
                    [-0.945262, 0.249367, 0.210467],
                    [0.045803, -0.537204, 0.842207]
                ],
                [
                    [0.325961, 0.939189, 0.108047],
                    [-0.943515, 0.330367, -0.025253],
                    [-0.059412, -0.093712, 0.993825]
                ],
                [
                    [0.315704, 0.938894, 0.137142],
                    [-0.752896, 0.335837, -0.566004],
                    [-0.577476, 0.075436, 0.812915]
                ],
                [
                    [0.281342, 0.946331, 0.159072],
                    [-0.11423, 0.197616, -0.973601],
                    [-0.952784, 0.255744, 0.163697]
                ]
            ], "btipPosition": [19.280073, 119.263329, 28.96246], "carpPosition": [-17.255562, 121.535065, 102.827103], "dipPosition": [3.544475, 123.487045, 31.665981], "direction": [0.577476, -0.075436, -0.812915], "extended": false, "handId": 8, "id": 80, "length": 47.80035, "mcpPosition": [-17.255562, 121.535065, 102.827103], "pipPosition": [-14.521829, 125.847061, 57.098011], "timeVisible": 0.81908, "tipPosition": [19.280073, 119.263329, 28.96246], "type": 0, "width": 18.75 }, { "bases": [
                [
                    [0.923304, -0.229312, 0.3081],
                    [0.061004, 0.879574, 0.471834],
                    [-0.379194, -0.416851, 0.826103]
                ],
                [
                    [0.923518, -0.229351, 0.307428],
                    [0.351518, 0.826787, -0.439156],
                    [-0.153456, 0.513636, 0.844174]
                ],
                [
                    [0.92175, -0.240045, 0.304559],
                    [0.120686, -0.568803, -0.813571],
                    [0.368528, 0.786665, -0.495324]
                ],
                [
                    [0.918325, -0.243839, 0.311805],
                    [-0.240896, -0.969335, -0.048559],
                    [0.314084, -0.030519, -0.948904]
                ]
            ], "btipPosition": [17.951387, 126.010178, 47.257565], "carpPosition": [0.555881, 142.063385, 112.245598], "dipPosition": [22.144865, 125.602699, 34.588326], "direction": [-0.368528, -0.786665, 0.495324], "extended": false, "handId": 8, "id": 82, "length": 61.747505, "mcpPosition": [25.051823, 168.991974, 58.879314], "pipPosition": [31.835094, 146.287598, 21.564064], "timeVisible": 0.81908, "tipPosition": [17.951387, 126.010178, 47.257565], "type": 2, "width": 17.59 }, { "bases": [
                [
                    [0.850195, -0.353805, 0.389858],
                    [0.114695, 0.847207, 0.518735],
                    [-0.513822, -0.396311, 0.760871]
                ],
                [
                    [0.857662, -0.352916, 0.373986],
                    [0.435371, 0.885384, -0.162933],
                    [-0.273619, 0.302564, 0.91301]
                ],
                [
                    [0.858084, -0.349774, 0.375965],
                    [0.275848, -0.303571, -0.912005],
                    [0.433128, 0.886286, -0.164005]
                ],
                [
                    [0.858978, -0.348614, 0.375001],
                    [-0.173756, -0.887417, -0.426966],
                    [0.481628, 0.301596, -0.822845]
                ]
            ], "btipPosition": [34.815842, 123.191879, 47.867573], "carpPosition": [11.271456, 139.27829, 114.29985], "dipPosition": [41.202396, 127.191139, 36.956367], "direction": [-0.433128, -0.886286, 0.164005], "extended": false, "handId": 8, "id": 83, "length": 59.332607, "mcpPosition": [41.073112, 162.264343, 70.169334], "pipPosition": [52.284225, 149.867264, 32.760208], "timeVisible": 0.81908, "tipPosition": [34.815842, 123.191879, 47.867573], "type": 3, "width": 16.738001 }, { "bases": [
                [
                    [0.754296, -0.532383, 0.384195],
                    [0.199687, 0.7435, 0.638227],
                    [-0.62543, -0.404693, 0.667128]
                ],
                [
                    [0.764573, -0.532559, 0.363055],
                    [0.630097, 0.736151, -0.247102],
                    [-0.135667, 0.417688, 0.898405]
                ],
                [
                    [0.768438, -0.522042, 0.370102],
                    [0.257904, -0.276655, -0.925715],
                    [0.585653, 0.806805, -0.077955]
                ],
                [
                    [0.773283, -0.517252, 0.366721],
                    [-0.253677, -0.782444, -0.568708],
                    [0.581104, 0.346743, -0.736266]
                ]
            ], "btipPosition": [41.704304, 120.662788, 62.028049], "carpPosition": [21.357059, 131.349045, 116.76329], "dipPosition": [48.807152, 124.901039, 53.028652], "direction": [-0.585653, -0.806805, 0.077955], "extended": false, "handId": 8, "id": 84, "length": 46.568062, "mcpPosition": [54.936417, 153.077011, 80.945168], "pipPosition": [59.364273, 139.444702, 51.623409], "timeVisible": 0.81908, "tipPosition": [41.704304, 120.662788, 62.028049], "type": 4, "width": 14.868 }], "timestamp": 839035252950, "label": 1 }, { "currentFrameRate": 43.966152, "devices": [], "hands": [{ "armBasis": [
                [0.869038, -0.196977, 0.453842],
                [-0.063294, 0.865523, 0.496854],
                [-0.49068, -0.460511, 0.739705]
            ], "armWidth": 59.0, "confidence": 0.748236, "direction": [0.384053, 0.473825, -0.79246], "elbow": [-116.263268, 3.066605, 297.150391], "grabAngle": 2.491332, "grabStrength": 0.195608, "id": 8, "palmNormal": [0.060247, -0.869312, -0.490579], "palmPosition": [28.110418, 148.761246, 52.731754], "palmVelocity": [2.421348, -4.324709, -0.372346], "palmWidth": 84.25, "pinchDistance": 68.926468, "pinchStrength": 1.0, "timeVisible": 5.824463, "type": "right", "wrist": [6.406648, 118.194252, 112.224136] }], "id": 3025, "pointables": [{ "bases": [
                [
                    [0.972747, -0.059112, 0.224208],
                    [-0.026366, 0.932487, 0.36024],
                    [-0.230366, -0.356334, 0.905515]
                ],
                [
                    [0.997549, 0.00865, 0.069437],
                    [-0.037897, 0.900984, 0.432194],
                    [-0.058823, -0.433766, 0.899104]
                ],
                [
                    [0.997374, 0.008137, 0.071968],
                    [-0.004556, 0.99875, -0.049778],
                    [-0.072283, 0.049319, 0.996164]
                ],
                [
                    [0.997471, 0.007901, 0.070635],
                    [0.013331, 0.955368, -0.295116],
                    [-0.069814, 0.295311, 0.952847]
                ]
            ], "btipPosition": [20.168764, 177.165817, -39.281654], "carpPosition": [-0.188151, 140.612778, 90.00367], "dipPosition": [19.348438, 180.635757, -28.085602], "direction": [0.072283, -0.049319, -0.996164], "extended": true, "handId": 8, "id": 81, "length": 52.766037, "mcpPosition": [15.504373, 164.886215, 28.319967], "pipPosition": [17.78484, 181.702621, -6.536859], "timeVisible": 5.824463, "tipPosition": [20.168764, 177.165817, -39.281654], "type": 1, "width": 17.91 }, { "bases": [
                [
                    [0.391801, 0.813391, 0.429985],
                    [-0.918317, 0.317058, 0.236998],
                    [0.056442, -0.487718, 0.871175]
                ],
                [
                    [0.376627, 0.926309, -0.01015],
                    [-0.92633, 0.376685, 0.00458],
                    [0.008066, 0.007677, 0.999938]
                ],
                [
                    [0.368456, 0.929404, 0.021168],
                    [-0.789098, 0.324709, -0.521428],
                    [-0.491491, 0.17542, 0.853032]
                ],
                [
                    [0.33456, 0.941166, 0.04771],
                    [-0.219752, 0.127147, -0.967235],
                    [-0.916394, 0.313114, 0.249361]
                ]
            ], "btipPosition": [21.792711, 110.962326, 7.446949], "carpPosition": [-8.338625, 121.971779, 84.250198], "dipPosition": [6.662799, 116.131912, 11.563972], "direction": [0.491491, -0.17542, -0.853032], "extended": false, "handId": 8, "id": 80, "length": 47.787544, "mcpPosition": [-8.338625, 121.971779, 84.250198], "pipPosition": [-8.709707, 121.618568, 38.244507], "timeVisible": 5.824463, "tipPosition": [21.792711, 110.962326, 7.446949], "type": 0, "width": 18.75 }, { "bases": [
                [
                    [0.922827, -0.264805, 0.279766],
                    [0.133417, 0.901019, 0.412752],
                    [-0.361373, -0.343573, 0.866814]
                ],
                [
                    [0.927223, -0.266247, 0.26338],
                    [0.36018, 0.826634, -0.432373],
                    [-0.102601, 0.49577, 0.862372]
                ],
                [
                    [0.929361, -0.254636, 0.2673],
                    [0.120634, -0.474837, -0.871766],
                    [0.348907, 0.842431, -0.410577]
                ],
                [
                    [0.931341, -0.251327, 0.263511],
                    [-0.146586, -0.921171, -0.360494],
                    [0.33334, 0.297116, -0.894766]
                ]
            ], "btipPosition": [25.313431, 116.249107, 20.231825], "carpPosition": [11.026612, 142.019592, 91.651382], "dipPosition": [29.750113, 120.203651, 8.322704], "direction": [-0.348907, -0.842431, 0.410577], "extended": false, "handId": 8, "id": 82, "length": 61.641792, "mcpPosition": [34.371338, 164.214401, 35.655182], "pipPosition": [38.904961, 142.307877, -2.450279], "timeVisible": 5.824463, "tipPosition": [25.313431, 116.249107, 20.231825], "type": 2, "width": 17.59 }, { "bases": [
                [
                    [0.846888, -0.379642, 0.372359],
                    [0.18742, 0.868386, 0.459107],
                    [-0.497648, -0.319025, 0.806579]
                ],
                [
                    [0.861136, -0.375344, 0.342872],
                    [0.373764, 0.924611, 0.073453],
                    [-0.344594, 0.0649, 0.936506]
                ],
                [
                    [0.861174, -0.37097, 0.347508],
                    [0.365704, -0.022661, -0.930455],
                    [0.353045, 0.928369, 0.11615]
                ],
                [
                    [0.863372, -0.36759, 0.345641],
                    [-0.183123, -0.866592, -0.464203],
                    [0.470166, 0.337485, -0.815505]
                ]
            ], "btipPosition": [49.33807, 126.271866, 16.0965], "carpPosition": [21.638226, 138.671402, 93.385925], "dipPosition": [55.582905, 130.75441, 5.264797], "direction": [-0.353045, -0.928369, -0.11615], "extended": false, "handId": 8, "id": 83, "length": 59.361164, "mcpPosition": [50.501823, 157.174835, 46.604347], "pipPosition": [64.619102, 154.516006, 8.237663], "timeVisible": 5.824463, "tipPosition": [49.33807, 126.271866, 16.0965], "type": 3, "width": 16.738001 }, { "bases": [
                [
                    [0.740912, -0.552243, 0.382199],
                    [0.272153, 0.767147, 0.580877],
                    [-0.613988, -0.326362, 0.718684]
                ],
                [
                    [0.725299, -0.554335, 0.408233],
                    [0.584739, 0.809024, 0.059671],
                    [-0.363348, 0.195431, 0.910925]
                ],
                [
                    [0.723505, -0.568607, 0.391442],
                    [0.484965, 0.015119, -0.874403],
                    [0.491273, 0.82247, 0.286693]
                ],
                [
                    [0.711802, -0.581161, 0.394448],
                    [-0.169821, -0.687324, -0.70622],
                    [0.681541, 0.435703, -0.587933]
                ]
            ], "btipPosition": [58.83453, 121.21492, 29.619852], "carpPosition": [31.249302, 130.196152, 95.789284], "dipPosition": [67.173668, 126.546059, 22.426079], "direction": [-0.491273, -0.82247, -0.286693], "extended": false, "handId": 8, "id": 84, "length": 46.50758, "mcpPosition": [64.214333, 147.718536, 57.203167], "pipPosition": [76.025642, 141.365692, 27.591843], "timeVisible": 5.824463, "tipPosition": [58.83453, 121.21492, 29.619852], "type": 4, "width": 14.868 }], "timestamp": 839040258333, "label": 1 }, { "currentFrameRate": 43.931568, "devices": [], "hands": [{ "armBasis": [
                [0.866886, -0.18048, 0.464689],
                [-0.107777, 0.842262, 0.528184],
                [-0.486717, -0.507958, 0.710693]
            ], "armWidth": 59.0, "confidence": 0.773336, "direction": [0.399637, 0.511814, -0.760484], "elbow": [-118.739937, -4.089894, 297.022614], "grabAngle": 2.532568, "grabStrength": 0.139522, "id": 8, "palmNormal": [0.102325, -0.849336, -0.51784], "palmPosition": [25.77566, 156.215073, 61.75803], "palmVelocity": [-1.239312, 1.468014, -0.006926], "palmWidth": 84.25, "pinchDistance": 68.882507, "pinchStrength": 1.0, "timeVisible": 10.830124, "type": "right", "wrist": [2.939297, 122.899696, 119.349297] }], "id": 3245, "pointables": [{ "bases": [
                [
                    [0.965112, -0.041364, 0.258549],
                    [-0.065441, 0.918, 0.391143],
                    [-0.253527, -0.394417, 0.883266]
                ],
                [
                    [0.994488, 0.033053, 0.099509],
                    [-0.073198, 0.898349, 0.433141],
                    [-0.075077, -0.438037, 0.895816]
                ],
                [
                    [0.994175, 0.032303, 0.102822],
                    [-0.031073, 0.999425, -0.013545],
                    [-0.1032, 0.010271, 0.994608]
                ],
                [
                    [0.994245, 0.032227, 0.102166],
                    [-0.008947, 0.975327, -0.220584],
                    [-0.106754, 0.2184, 0.970003]
                ]
            ], "btipPosition": [20.016861, 187.110077, -30.190811], "carpPosition": [-3.653242, 146.04213, 97.645683], "dipPosition": [18.762083, 189.677139, -18.789454], "direction": [0.1032, -0.010271, -0.994608], "extended": true, "handId": 8, "id": 81, "length": 52.785618, "mcpPosition": [13.617028, 172.90979, 37.477577], "pipPosition": [16.528961, 189.899399, 2.732645], "timeVisible": 10.830124, "tipPosition": [20.016861, 187.110077, -30.190811], "type": 1, "width": 17.91 }, { "bases": [
                [
                    [0.353021, 0.807578, 0.472433],
                    [-0.934848, 0.284016, 0.213059],
                    [0.037883, -0.516867, 0.855227]
                ],
                [
                    [0.347856, 0.937234, 0.024255],
                    [-0.937403, 0.348142, -0.008602],
                    [-0.016506, -0.019745, 0.999669]
                ],
                [
                    [0.338072, 0.939439, 0.056237],
                    [-0.769052, 0.31021, -0.558864],
                    [-0.542464, 0.145687, 0.82735]
                ],
                [
                    [0.301919, 0.949908, 0.080745],
                    [-0.147009, 0.130075, -0.980545],
                    [-0.941931, 0.284175, 0.178917]
                ]
            ], "btipPosition": [22.230429, 118.995026, 16.023655], "carpPosition": [-11.078807, 127.343597, 90.89315], "dipPosition": [6.662678, 123.691719, 18.980705], "direction": [0.542464, -0.145687, -0.82735], "extended": false, "handId": 8, "id": 80, "length": 47.832325, "mcpPosition": [-11.078807, 127.343597, 90.89315], "pipPosition": [-10.319061, 128.252411, 44.880768], "timeVisible": 10.830124, "tipPosition": [22.230429, 118.995026, 16.023655], "type": 0, "width": 18.75 }, { "bases": [
                [
                    [0.918907, -0.250157, 0.30501],
                    [0.093115, 0.888909, 0.44852],
                    [-0.383327, -0.383747, 0.840118]
                ],
                [
                    [0.918552, -0.250124, 0.306104],
                    [0.354151, 0.864716, -0.356151],
                    [-0.175611, 0.43555, 0.882868]
                ],
                [
                    [0.917708, -0.256046, 0.303732],
                    [0.167564, -0.443735, -0.880353],
                    [0.360188, 0.858801, -0.364315]
                ],
                [
                    [0.915503, -0.259146, 0.307731],
                    [-0.196552, -0.955514, -0.219911],
                    [0.35103, 0.140844, -0.925711]
                ]
            ], "btipPosition": [25.841288, 128.662872, 28.339258], "carpPosition": [7.46166, 147.577072, 99.723877], "dipPosition": [30.525368, 130.542267, 15.986753], "direction": [-0.360188, -0.858801, 0.364315], "extended": false, "handId": 8, "id": 82, "length": 61.728619, "mcpPosition": [32.224583, 172.367126, 45.452244], "pipPosition": [39.989677, 153.10817, 6.413988], "timeVisible": 10.830124, "tipPosition": [25.841288, 128.662872, 28.339258], "type": 2, "width": 17.59 }, { "bases": [
                [
                    [0.84283, -0.370195, 0.390631],
                    [0.146261, 0.856079, 0.495718],
                    [-0.517924, -0.360672, 0.775675]
                ],
                [
                    [0.851911, -0.367737, 0.372849],
                    [0.38778, 0.92147, 0.022807],
                    [-0.351956, 0.125154, 0.927612]
                ],
                [
                    [0.851943, -0.365083, 0.375378],
                    [0.376131, -0.072082, -0.923758],
                    [0.364306, 0.92818, 0.075909]
                ],
                [
                    [0.852969, -0.36351, 0.374573],
                    [-0.123235, -0.837588, -0.532221],
                    [0.507206, 0.407807, -0.759234]
                ]
            ], "btipPosition": [46.517918, 131.129501, 26.876715], "carpPosition": [18.10544, 144.497055, 101.747681], "dipPosition": [53.248653, 136.541199, 16.801508], "direction": [-0.364306, -0.92818, -0.075909], "extended": false, "handId": 8, "id": 83, "length": 59.344219, "mcpPosition": [48.145012, 165.416016, 56.758556], "pipPosition": [62.568764, 160.286987, 18.743511], "timeVisible": 10.830124, "tipPosition": [46.517918, 131.129501, 26.876715], "type": 3, "width": 16.738001 }, { "bases": [
                [
                    [0.741391, -0.545777, 0.390469],
                    [0.229236, 0.752828, 0.617009],
                    [-0.630706, -0.367936, 0.683252]
                ],
                [
                    [0.725341, -0.547593, 0.41716],
                    [0.605953, 0.795444, -0.009453],
                    [-0.326651, 0.259636, 0.908784]
                ],
                [
                    [0.721648, -0.566905, 0.397294],
                    [0.44138, -0.065323, -0.894939],
                    [0.533298, 0.821189, 0.20308]
                ],
                [
                    [0.708194, -0.580699, 0.401558],
                    [-0.170326, -0.692491, -0.701032],
                    [0.685164, 0.428071, -0.589326]
                ]
            ], "btipPosition": [54.382908, 127.510536, 41.508598], "carpPosition": [27.877222, 136.248444, 104.236633], "dipPosition": [62.763885, 132.746735, 34.299919], "direction": [-0.533298, -0.821189, -0.20308], "extended": false, "handId": 8, "id": 84, "length": 46.538158, "mcpPosition": [61.739811, 156.002914, 67.552818], "pipPosition": [72.37645, 147.548462, 37.960388], "timeVisible": 10.830124, "tipPosition": [54.382908, 127.510536, 41.508598], "type": 4, "width": 14.868 }], "timestamp": 839045263994, "label": 1 }, { "currentFrameRate": 43.958385, "devices": [], "hands": [{ "armBasis": [
                [0.866243, -0.212862, 0.452009],
                [-0.081458, 0.832426, 0.548117],
                [-0.492937, -0.511622, 0.703744]
            ], "armWidth": 59.0, "confidence": 0.769204, "direction": [0.39389, 0.523241, -0.755692], "elbow": [-120.63636, -5.162324, 295.841064], "grabAngle": 2.559856, "grabStrength": 0.193248, "id": 8, "palmNormal": [0.077234, -0.83809, -0.540037], "palmPosition": [25.019182, 157.00737, 62.727673], "palmVelocity": [1.632143, -5.27116, -2.366968], "palmWidth": 84.25, "pinchDistance": 67.624664, "pinchStrength": 1.0, "timeVisible": 15.835358, "type": "right", "wrist": [2.597989, 122.74324, 119.90509] }], "id": 3465, "pointables": [{ "bases": [
                [
                    [0.969039, -0.064305, 0.238385],
                    [-0.041592, 0.909178, 0.414325],
                    [-0.243378, -0.411412, 0.878355]
                ],
                [
                    [0.997384, 0.011787, 0.071315],
                    [-0.039589, 0.914555, 0.402519],
                    [-0.060477, -0.404289, 0.91263]
                ],
                [
                    [0.996921, 0.010701, 0.077685],
                    [-0.004466, 0.996785, -0.080001],
                    [-0.078292, 0.079408, 0.993763]
                ],
                [
                    [0.996869, 0.010832, 0.078326],
                    [0.014563, 0.948475, -0.316518],
                    [-0.077718, 0.316668, 0.945347]
                ]
            ], "btipPosition": [17.637468, 184.804626, -28.812727], "carpPosition": [-3.890722, 146.54689, 98.978569], "dipPosition": [16.724747, 188.52356, -17.710608], "direction": [0.078292, -0.079408, -0.993763], "extended": true, "handId": 8, "id": 81, "length": 52.743046, "mcpPosition": [12.688187, 174.572296, 39.145042], "pipPosition": [15.031955, 190.240494, 3.776172], "timeVisible": 15.835358, "tipPosition": [17.637468, 184.804626, -28.812727], "type": 1, "width": 17.91 }, { "bases": [
                [
                    [0.376339, 0.789602, 0.484663],
                    [-0.925378, 0.294823, 0.238233],
                    [0.04522, -0.538153, 0.841633]
                ],
                [
                    [0.368149, 0.929039, 0.03678],
                    [-0.929695, 0.368324, 0.002141],
                    [-0.011558, -0.034983, 0.999321]
                ],
                [
                    [0.357798, 0.93106, 0.071462],
                    [-0.765196, 0.336199, -0.549041],
                    [-0.535216, 0.141764, 0.832735]
                ],
                [
                    [0.318954, 0.942648, 0.098406],
                    [-0.147846, 0.152044, -0.977253],
                    [-0.936168, 0.29715, 0.187862]
                ]
            ], "btipPosition": [20.987732, 120.344597, 16.77676], "carpPosition": [-11.756591, 128.079437, 91.924484], "dipPosition": [5.522991, 125.253273, 19.880087], "direction": [0.535216, -0.141764, -0.832735], "extended": false, "handId": 8, "id": 80, "length": 47.810703, "mcpPosition": [-11.756591, 128.079437, 91.924484], "pipPosition": [-11.224719, 129.68927, 45.937607], "timeVisible": 15.835358, "tipPosition": [20.987732, 120.344597, 16.77676], "type": 0, "width": 18.75 }, { "bases": [
                [
                    [0.920046, -0.273342, 0.280714],
                    [0.117501, 0.875965, 0.467846],
                    [-0.373777, -0.397455, 0.838045]
                ],
                [
                    [0.922594, -0.273367, 0.272198],
                    [0.356572, 0.873576, -0.331244],
                    [-0.147234, 0.402661, 0.90343]
                ],
                [
                    [0.923395, -0.268546, 0.274272],
                    [0.13994, -0.429835, -0.891997],
                    [0.357434, 0.862047, -0.359327]
                ],
                [
                    [0.924104, -0.267494, 0.272909],
                    [-0.212995, -0.953479, -0.213333],
                    [0.317278, 0.139014, -0.938088]
                ]
            ], "btipPosition": [24.315216, 131.069168, 28.687601], "carpPosition": [7.289231, 147.700699, 100.793648], "dipPosition": [28.549242, 132.924286, 16.168962], "direction": [-0.357434, -0.862047, 0.359327], "extended": false, "handId": 8, "id": 82, "length": 61.724537, "mcpPosition": [31.435236, 173.376297, 46.655914], "pipPosition": [37.942768, 155.579285, 6.72569], "timeVisible": 15.835358, "tipPosition": [24.315216, 131.069168, 28.687601], "type": 2, "width": 17.59 }, { "bases": [
                [
                    [0.84352, -0.394102, 0.364907],
                    [0.170959, 0.841081, 0.513183],
                    [-0.509163, -0.370496, 0.776844]
                ],
                [
                    [0.854364, -0.390172, 0.34326],
                    [0.385432, 0.918808, 0.085048],
                    [-0.348574, 0.059641, 0.935382]
                ],
                [
                    [0.854474, -0.385767, 0.347935],
                    [0.3617, -0.038965, -0.93148],
                    [0.372892, 0.921773, 0.106237]
                ],
                [
                    [0.856579, -0.382607, 0.346245],
                    [-0.177479, -0.848502, -0.498543],
                    [0.484535, 0.36559, -0.794714]
                ]
            ], "btipPosition": [45.73737, 134.993042, 26.99645], "carpPosition": [17.904249, 144.397018, 102.541435], "dipPosition": [52.171341, 139.84758, 16.443729], "direction": [-0.372892, -0.921773, -0.106237], "extended": false, "handId": 8, "id": 83, "length": 59.360149, "mcpPosition": [47.435692, 165.885757, 57.484497], "pipPosition": [61.716301, 163.442337, 19.163101], "timeVisible": 15.835358, "tipPosition": [45.73737, 134.993042, 26.99645], "type": 3, "width": 16.738001 }, { "bases": [
                [
                    [0.739, -0.567851, 0.362524],
                    [0.254417, 0.733486, 0.630294],
                    [-0.623819, -0.373556, 0.686517]
                ],
                [
                    [0.726183, -0.569314, 0.385409],
                    [0.629202, 0.77627, -0.038851],
                    [-0.277063, 0.270713, 0.921928]
                ],
                [
                    [0.722071, -0.585579, 0.368389],
                    [0.419709, -0.052514, -0.906138],
                    [0.549961, 0.808913, 0.207854]
                ],
                [
                    [0.711277, -0.596894, 0.371219],
                    [-0.136015, -0.635008, -0.760437],
                    [0.689627, 0.49039, -0.532853]
                ]
            ], "btipPosition": [51.80386, 126.714249, 40.599628], "carpPosition": [27.616663, 136.025574, 104.706268], "dipPosition": [60.22823, 132.704773, 34.090382], "direction": [-0.549961, -0.808913, -0.207854], "extended": false, "handId": 8, "id": 84, "length": 46.497932, "mcpPosition": [61.109524, 156.081787, 67.847176], "pipPosition": [70.129684, 147.268372, 37.832577], "timeVisible": 15.835358, "tipPosition": [51.80386, 126.714249, 40.599628], "type": 4, "width": 14.868 }], "timestamp": 839050269228, "label": 1 }, { "currentFrameRate": 43.876041, "devices": [], "hands": [{ "armBasis": [
                [0.827453, -0.100211, 0.552521],
                [-0.233788, 0.833136, 0.501227],
                [-0.510553, -0.543914, 0.665952]
            ], "armWidth": 59.0, "confidence": 0.768312, "direction": [0.414998, 0.55083, -0.724129], "elbow": [-158.945923, -7.972861, 282.51712], "grabAngle": 2.571848, "grabStrength": 0.16931, "id": 8, "palmNormal": [0.233349, -0.833719, -0.500461], "palmPosition": [-6.561018, 163.450317, 60.548828], "palmVelocity": [-0.183815, 21.753538, 23.5495], "palmWidth": 84.25, "pinchDistance": 66.862099, "pinchStrength": 1.0, "timeVisible": 20.818439, "type": "right", "wrist": [-31.307598, 128.005768, 116.029076] }], "id": 3684, "pointables": [{ "bases": [
                [
                    [0.936584, 0.05432, 0.346208],
                    [-0.191983, 0.90601, 0.377212],
                    [-0.293178, -0.419757, 0.858982]
                ],
                [
                    [0.977232, 0.140279, 0.159184],
                    [-0.191112, 0.907851, 0.373205],
                    [-0.092163, -0.39513, 0.91399]
                ],
                [
                    [0.976383, 0.139246, 0.165186],
                    [-0.125359, 0.987859, -0.091758],
                    [-0.175957, 0.068884, 0.981985]
                ],
                [
                    [0.976426, 0.139207, 0.164965],
                    [-0.085658, 0.951393, -0.295829],
                    [-0.198128, 0.274725, 0.940889]
                ]
            ], "btipPosition": [-8.379601, 189.526031, -32.131073], "carpPosition": [-38.005676, 150.367538, 93.767754], "dipPosition": [-10.692778, 192.73349, -21.146034], "direction": [0.175957, -0.068884, -0.981985], "extended": true, "handId": 8, "id": 81, "length": 52.480995, "mcpPosition": [-18.034378, 178.961365, 35.253872], "pipPosition": [-14.476572, 194.214767, -0.029367], "timeVisible": 20.818439, "tipPosition": [-8.379601, 189.526031, -32.131073], "type": 1, "width": 17.91 }, { "bases": [
                [
                    [0.226129, 0.837607, 0.497273],
                    [-0.974043, 0.189039, 0.124518],
                    [0.010293, -0.512522, 0.858612]
                ],
                [
                    [0.247776, 0.966628, 0.06509],
                    [-0.963318, 0.252961, -0.089602],
                    [-0.103077, -0.040501, 0.993848]
                ],
                [
                    [0.232752, 0.967647, 0.097398],
                    [-0.683411, 0.233988, -0.69152],
                    [-0.691937, 0.09439, 0.715761]
                ],
                [
                    [0.190567, 0.975099, 0.113427],
                    [0.102551, 0.095138, -0.990168],
                    [-0.976303, 0.200326, -0.081867]
                ]
            ], "btipPosition": [-0.299339, 126.623398, 19.622986], "carpPosition": [-42.85181, 131.026703, 86.429749], "dipPosition": [-16.440702, 129.93541, 18.269459], "direction": [0.691937, -0.09439, -0.715761], "extended": false, "handId": 8, "id": 80, "length": 47.845764, "mcpPosition": [-42.85181, 131.026703, 86.429749], "pipPosition": [-38.107048, 132.891006, 40.681816], "timeVisible": 20.818439, "tipPosition": [-0.299339, 126.623398, 19.622986], "type": 0, "width": 18.75 }, { "bases": [
                [
                    [0.907277, -0.158144, 0.389665],
                    [-0.037269, 0.892714, 0.449079],
                    [-0.418879, -0.421962, 0.804045]
                ],
                [
                    [0.908823, -0.157926, 0.386134],
                    [0.263195, 0.935182, -0.236986],
                    [-0.32368, 0.317007, 0.891481]
                ],
                [
                    [0.908933, -0.161317, 0.384471],
                    [0.305417, -0.370127, -0.87734],
                    [0.283833, 0.914868, -0.287152]
                ],
                [
                    [0.906803, -0.164226, 0.388251],
                    [-0.145722, -0.986335, -0.076861],
                    [0.395568, 0.013121, -0.918343]
                ]
            ], "btipPosition": [1.252469, 141.891464, 25.240644], "carpPosition": [-27.344685, 152.865005, 96.711998], "dipPosition": [6.538471, 142.066803, 12.968761], "direction": [-0.283833, -0.914868, 0.287152], "extended": false, "handId": 8, "id": 82, "length": 61.737366, "mcpPosition": [-0.285113, 180.123734, 44.770668], "pipPosition": [14.003771, 166.12941, 5.416162], "timeVisible": 20.818439, "tipPosition": [1.252469, 141.891464, 25.240644], "type": 2, "width": 17.59 }, { "bases": [
                [
                    [0.835957, -0.285359, 0.46877],
                    [0.014313, 0.865228, 0.501174],
                    [-0.548608, -0.41225, 0.727378]
                ],
                [
                    [0.848921, -0.27947, 0.448586],
                    [0.21975, 0.958558, 0.18132],
                    [-0.480669, -0.05535, 0.875153]
                ],
                [
                    [0.848562, -0.278209, 0.450047],
                    [0.479787, 0.046038, -0.876176],
                    [0.223041, 0.959417, 0.172547]
                ],
                [
                    [0.84882, -0.277753, 0.449843],
                    [-0.047219, -0.887304, -0.458762],
                    [0.52657, 0.368165, -0.766276]
                ]
            ], "btipPosition": [22.083857, 147.531769, 27.458757], "carpPosition": [-16.697735, 150.817627, 99.698387], "dipPosition": [29.079636, 152.42305, 17.278347], "direction": [-0.223041, -0.959417, -0.172547], "extended": false, "handId": 8, "id": 83, "length": 59.356155, "mcpPosition": [15.121513, 174.728149, 57.510445], "pipPosition": [34.791595, 176.993179, 21.697174], "timeVisible": 20.818439, "tipPosition": [22.083857, 147.531769, 27.458757], "type": 3, "width": 16.738001 }, { "bases": [
                [
                    [0.75291, -0.470167, 0.46051],
                    [0.095636, 0.770468, 0.630264],
                    [-0.651137, -0.430491, 0.625058]
                ],
                [
                    [0.732496, -0.473337, 0.489287],
                    [0.542726, 0.83991, 3.3e-05],
                    [-0.410973, 0.265524, 0.872123]
                ],
                [
                    [0.732019, -0.496934, 0.466053],
                    [0.525254, -0.024012, -0.850607],
                    [0.433886, 0.867456, 0.243439]
                ],
                [
                    [0.719443, -0.513167, 0.468039],
                    [0.058118, -0.62703, -0.776824],
                    [0.692115, 0.586083, -0.421288]
                ]
            ], "btipPosition": [25.707264, 135.536133, 42.07901], "carpPosition": [-6.378307, 143.807404, 103.248756], "dipPosition": [34.149342, 142.684875, 36.940353], "direction": [-0.433886, -0.867456, -0.243439], "extended": false, "handId": 8, "id": 84, "length": 46.444244, "mcpPosition": [28.581263, 166.920441, 69.689377], "pipPosition": [41.95097, 158.28244, 41.317593], "timeVisible": 20.818439, "tipPosition": [25.707264, 135.536133, 42.07901], "type": 4, "width": 14.868 }], "timestamp": 839055252310, "label": 1 }]
]