[[{"currentFrameRate": 43.980316, "devices": [], "hands": [{"armBasis": [[-0.280099, 0.881677, 0.379723], [-0.658679, 0.11124, -0.744155], [-0.698345, -0.458553, 0.549584]], "armWidth": 57.862366, "confidence": 0.639765, "direction": [0.901427, 0.289066, 0.322289], "elbow": [-191.445984, 181.236435, -2.129809], "grabAngle": 0.774777, "grabStrength": 0.044632, "id": 22, "palmNormal": [-0.10659, -0.573334, 0.812359], "palmPosition": [46.228722, 309.676849, -124.860359], "palmVelocity": [-8.910072, 20.818672, 25.465799], "palmWidth": 83.376846, "pinchDistance": 30.980265, "pinchStrength": 0.404281, "timeVisible": 32.87656, "type": "right", "wrist": [-18.669062, 294.686615, -138.101974]}], "id": 11242, "pointables": [{"bases": [[[-0.262296, 0.804286, 0.533221], [0.247681, 0.590168, -0.768346], [-0.93266, -0.069465, -0.354005]], [[-0.415552, 0.805307, 0.422844], [0.65541, 0.587453, -0.474697], [-0.630678, 0.079875, -0.771923]], [[-0.409198, 0.803769, 0.431871], [0.760128, 0.56211, -0.32594], [-0.50474, 0.194903, -0.840982]], [[-0.405379, 0.801486, 0.439646], [0.847211, 0.510039, -0.148637], [-0.343367, 0.312218, -0.885787]]], "btipPosition": [115.122169, 289.369202, -73.385536], "carpPosition": [13.285873, 295.564789, -155.155777], "dipPosition": [111.117096, 293.010956, -83.717468], "direction": [0.50474, -0.194903, 0.840982], "extended": true, "handId": 22, "id": 221, "length": 52.244473, "mcpPosition": [76.16024, 300.247711, -131.290878], "pipPosition": [100.290443, 297.19162, -101.7565], "timeVisible": 32.87656, "tipPosition": [115.122169, 289.369202, -73.385536], "type": 1, "width": 17.494537}, {"bases": [[[-0.424245, 0.675034, 0.60361], [0.179235, 0.715977, -0.674723], [-0.887632, -0.17806, -0.424739]], [[-0.485219, 0.67164, 0.559877], [0.528295, 0.735406, -0.424361], [-0.696754, 0.089872, -0.711657]], [[-0.483499, 0.671217, 0.561868], [0.648302, 0.705878, -0.285377], [-0.588161, 0.226281, -0.776443]], [[-0.482849, 0.670922, 0.562779], [0.694029, 0.685096, -0.221285], [-0.534023, 0.283737, -0.796437]]], "btipPosition": [119.853638, 303.601257, -62.105194], "carpPosition": [11.628394, 305.397888, -149.478226], "dipPosition": [113.019295, 307.232483, -72.297867], "direction": [0.588161, -0.226281, 0.776443], "extended": true, "handId": 22, "id": 222, "length": 59.39835, "mcpPosition": [68.375175, 316.781342, -122.32444], "pipPosition": [98.198135, 312.93457, -91.863594], "timeVisible": 32.87656, "tipPosition": [119.853638, 303.601257, -62.105194], "type": 2, "width": 17.181961}, {"bases": [[[-0.562539, 0.585567, 0.583662], [0.120079, 0.756335, -0.64307], [-0.818004, -0.291666, -0.495782]], [[-0.515464, 0.591781, 0.619752], [0.46034, 0.80125, -0.38221], [-0.722761, 0.088281, -0.685436]], [[-0.516717, 0.59203, 0.61847], [0.546824, 0.784052, -0.293676], [-0.658777, 0.186447, -0.728869]], [[-0.517038, 0.592129, 0.618106], [0.570579, 0.776703, -0.266779], [-0.638052, 0.214743, -0.739442]]], "btipPosition": [107.833359, 318.645416, -58.909634], "carpPosition": [7.913363, 312.716553, -141.864639], "dipPosition": [99.706543, 321.380585, -68.327843], "direction": [0.658777, -0.186447, 0.728869], "extended": true, "handId": 22, "id": 223, "length": 57.110943, "mcpPosition": [54.865887, 329.457886, -113.407272], "pipPosition": [83.543282, 325.955109, -86.210823], "timeVisible": 32.87656, "tipPosition": [107.833359, 318.645416, -58.909634], "type": 3, "width": 16.349726}, {"bases": [[[-0.66549, 0.414802, 0.620534], [-0.041622, 0.809445, -0.585719], [-0.745246, -0.415617, -0.521413]], [[-0.547778, 0.43808, 0.712758], [0.370304, 0.890906, -0.262984], [-0.750209, 0.119881, -0.650242]], [[-0.551653, 0.438799, 0.709319], [0.40128, 0.885165, -0.235496], [-0.7312, 0.154724, -0.664385]], [[-0.562515, 0.443722, 0.69763], [0.615699, 0.787967, -0.004728], [-0.551807, 0.42687, -0.716443]]], "btipPosition": [82.963585, 326.898712, -63.535706], "carpPosition": [0.568946, 316.306152, -131.674652], "dipPosition": [76.454575, 331.93399, -71.986725], "direction": [0.7312, -0.154724, 0.664385], "extended": true, "handId": 22, "id": 224, "length": 44.868618, "mcpPosition": [40.166515, 338.389374, -103.970146], "pipPosition": [63.778671, 334.616241, -83.504349], "timeVisible": 32.87656, "tipPosition": [82.963585, 326.898712, -63.535706], "type": 4, "width": 14.523104}, {"bases": [[[0.102387, 0.877703, -0.468139], [0.033568, -0.473393, -0.880212], [-0.994178, 0.074408, -0.077932]], [[0.268155, 0.865894, -0.422279], [0.359413, -0.496605, -0.790067], [-0.89382, 0.060087, -0.444381]], [[0.256392, 0.86546, -0.430397], [0.635746, -0.486405, -0.599363], [-0.728073, -0.119951, -0.674924]], [[0.24446, 0.859925, -0.448072], [0.916003, -0.356383, -0.184202], [-0.318085, -0.365406, -0.874815]]], "btipPosition": [74.76918, 284.614563, -90.718575], "carpPosition": [7.635049, 277.782288, -145.117432], "dipPosition": [69.661568, 278.747101, -104.765823], "direction": [0.728073, 0.119951, 0.674924], "extended": false, "handId": 22, "id": 220, "length": 46.458202, "mcpPosition": [7.635049, 277.782288, -145.117432], "pipPosition": [47.527576, 275.100494, -125.28405], "timeVisible": 32.87656, "tipPosition": [74.76918, 284.614563, -90.718575], "type": 0, "width": 18.315052}], "timestamp": 148134520011, "label": 3}, {"currentFrameRate": 43.960903, "devices": [], "hands": [{"armBasis": [[-0.280479, 0.887521, 0.365565], [-0.657465, 0.099844, -0.74684], [-0.699336, -0.44982, 0.55551]], "armWidth": 57.862366, "confidence": 0.616152, "direction": [0.891533, 0.293717, 0.344819], "elbow": [-194.005814, 181.439285, 0.016395], "grabAngle": 0.694348, "grabStrength": 0.0, "id": 22, "palmNormal": [-0.118122, -0.584163, 0.802995], "palmPosition": [43.520958, 307.98584, -122.934059], "palmVelocity": [-6.57726, -14.540244, 66.726601], "palmWidth": 83.376846, "pinchDistance": 30.646397, "pinchStrength": 0.32568, "timeVisible": 33.172379, "type": "right", "wrist": [-20.983759, 292.72879, -137.421768]}], "id": 11255, "pointables": [{"bases": [[[-0.281386, 0.795201, 0.537101], [0.258079, 0.601806, -0.755794], [-0.924239, -0.074055, -0.374565]], [[-0.455451, 0.791462, 0.407618], [0.632909, 0.609859, -0.476968], [-0.626091, 0.040749, -0.778684]], [[-0.449436, 0.790553, 0.415973], [0.71536, 0.597402, -0.362451], [-0.53504, 0.134672, -0.834024]], [[-0.445202, 0.788815, 0.423752], [0.801605, 0.561988, -0.203959], [-0.399029, 0.248879, -0.882516]]], "btipPosition": [113.773277, 291.553101, -70.832809], "carpPosition": [11.366102, 293.915192, -154.083466], "dipPosition": [109.116066, 294.457855, -81.132965], "direction": [0.53504, -0.134672, 0.834024], "extended": true, "handId": 22, "id": 221, "length": 52.267487, "mcpPosition": [73.672745, 298.907532, -128.832565], "pipPosition": [97.633698, 297.348022, -99.031776], "timeVisible": 33.172379, "tipPosition": [113.773277, 291.553101, -70.832809], "type": 1, "width": 17.494537}, {"bases": [[[-0.443512, 0.663562, 0.60248], [0.186438, 0.725809, -0.66215], [-0.876663, -0.181347, -0.445619]], [[-0.515717, 0.657799, 0.548941], [0.503371, 0.751106, -0.42715], [-0.693292, 0.056032, -0.718475]], [[-0.514328, 0.657561, 0.550527], [0.600707, 0.734386, -0.315956], [-0.61206, 0.168201, -0.772717]], [[-0.513794, 0.657387, 0.551233], [0.638837, 0.722031, -0.265628], [-0.572628, 0.21567, -0.790938]]], "btipPosition": [117.998383, 305.880219, -59.471161], "carpPosition": [9.495608, 303.689697, -148.342621], "dipPosition": [110.664177, 308.642517, -69.601479], "direction": [0.61206, -0.168201, 0.772717], "extended": true, "handId": 22, "id": 222, "length": 59.435295, "mcpPosition": [65.541092, 315.283264, -119.854004], "pipPosition": [95.231117, 312.883698, -89.08551], "timeVisible": 33.172379, "tipPosition": [117.998383, 305.880219, -59.471161], "type": 2, "width": 17.181961}, {"bases": [[[-0.580471, 0.573028, 0.578526], [0.126234, 0.765212, -0.631281], [-0.804437, -0.293411, -0.516518]], [[-0.538894, 0.579399, 0.611465], [0.437103, 0.812847, -0.384994], [-0.720093, 0.059802, -0.691296]], [[-0.540023, 0.579554, 0.610321], [0.500429, 0.804144, -0.320817], [-0.676717, 0.132174, -0.724282]], [[-0.540316, 0.579616, 0.610003], [0.517493, 0.800521, -0.302269], [-0.66352, 0.152351, -0.732482]]], "btipPosition": [105.376678, 320.152924, -56.509743], "carpPosition": [5.545215, 310.872406, -140.718613], "dipPosition": [96.919487, 322.094788, -65.845924], "direction": [0.676717, -0.132174, 0.724282], "extended": true, "handId": 22, "id": 223, "length": 57.146267, "mcpPosition": [51.719013, 327.713867, -111.071022], "pipPosition": [80.305153, 325.339844, -83.628059], "timeVisible": 33.172379, "tipPosition": [105.376678, 320.152924, -56.509743], "type": 3, "width": 16.349726}, {"bases": [[[-0.682499, 0.400853, 0.611157], [-0.037157, 0.816075, -0.576751], [-0.729942, -0.41634, -0.542075]], [[-0.562865, 0.427575, 0.707363], [0.338516, 0.899987, -0.274645], [-0.754049, 0.084866, -0.651312]], [[-0.565973, 0.427965, 0.704643], [0.355101, 0.897908, -0.260126], [-0.744029, 0.102995, -0.660162]], [[-0.576754, 0.431884, 0.69342], [0.573656, 0.818446, -0.032615], [-0.581613, 0.378974, -0.719795]]], "btipPosition": [80.234703, 327.423737, -61.378967], "carpPosition": [-2.054235, 314.231995, -130.627853], "dipPosition": [73.371391, 331.895813, -69.872894], "direction": [0.744029, -0.102995, 0.660162], "extended": true, "handId": 22, "id": 224, "length": 44.883739, "mcpPosition": [36.730167, 336.353638, -101.825455], "pipPosition": [60.467388, 333.682098, -81.322357], "timeVisible": 33.172379, "tipPosition": [80.234703, 327.423737, -61.378967], "type": 4, "width": 14.523104}, {"bases": [[[0.103657, 0.884269, -0.455328], [0.056815, -0.46231, -0.884896], [-0.992989, 0.065856, -0.098162]], [[0.255803, 0.873497, -0.414207], [0.334376, -0.481962, -0.80988], [-0.90706, 0.068669, -0.415364]], [[0.244624, 0.873064, -0.421804], [0.655116, -0.46953, -0.591916], [-0.71483, -0.131533, -0.686816]], [[0.234647, 0.867693, -0.438236], [0.941199, -0.315526, -0.12078], [-0.243075, -0.384126, -0.890709]]], "btipPosition": [71.831543, 283.118378, -90.607544], "carpPosition": [5.69472, 276.011597, -144.34874], "dipPosition": [67.926117, 276.946716, -104.918343], "direction": [0.71483, 0.131533, 0.686816], "extended": false, "handId": 22, "id": 220, "length": 46.480785, "mcpPosition": [5.69472, 276.011597, -144.34874], "pipPosition": [46.185253, 272.946259, -125.807198], "timeVisible": 33.172379, "tipPosition": [71.831543, 283.118378, -90.607544], "type": 0, "width": 18.315052}], "timestamp": 148134815827, "label": 3}, {"currentFrameRate": 43.867458, "devices": [], "hands": [{"armBasis": [[-0.451047, 0.849547, 0.273544], [-0.674437, -0.123703, -0.727896], [-0.584543, -0.512804, 0.628762]], "armWidth": 57.862366, "confidence": 0.58491, "direction": [0.840625, 0.465823, 0.276329], "elbow": [-213.009827, 174.888092, -6.170108], "grabAngle": 0.620982, "grabStrength": 0.0, "id": 22, "palmNormal": [-0.034882, -0.46257, 0.885896], "palmPosition": [-7.168123, 328.688202, -151.107513], "palmVelocity": [-285.068634, 80.169785, -75.919113], "palmWidth": 83.376846, "pinchDistance": 28.972801, "pinchStrength": 0.325316, "timeVisible": 33.468582, "type": "right", "wrist": [-68.388512, 301.760376, -161.731461]}], "id": 11268, "pointables": [{"bases": [[[-0.391677, 0.82185, 0.413706], [0.170887, 0.506784, -0.844966], [-0.904095, -0.260257, -0.338939]], [[-0.58774, 0.762337, 0.270932], [0.52911, 0.615518, -0.584106], [-0.612049, -0.19995, -0.765125]], [[-0.58106, 0.764152, 0.280072], [0.598967, 0.634501, -0.488514], [-0.551006, -0.116102, -0.826386]], [[-0.575037, 0.764761, 0.290643], [0.693924, 0.6441, -0.321876], [-0.433361, 0.016594, -0.901068]]], "btipPosition": [64.296318, 333.057129, -98.621407], "carpPosition": [-36.969803, 305.559631, -179.020615], "dipPosition": [59.236244, 333.250885, -109.142578], "direction": [0.551006, 0.116102, 0.826386], "extended": true, "handId": 22, "id": 221, "length": 52.283756, "mcpPosition": [23.97884, 323.104614, -156.171402], "pipPosition": [47.407169, 330.758392, -126.883553], "timeVisible": 33.468582, "tipPosition": [64.296318, 333.057129, -98.621407], "type": 1, "width": 17.494537}, {"bases": [[[-0.533577, 0.680615, 0.502054], [0.082318, 0.632594, -0.770096], [-0.841736, -0.369578, -0.393565]], [[-0.622155, 0.648577, 0.438487], [0.375825, 0.738753, -0.559463], [-0.686789, -0.183279, -0.70337]], [[-0.620827, 0.648837, 0.439983], [0.470905, 0.757353, -0.4524], [-0.626756, -0.073672, -0.775725]], [[-0.620827, 0.648837, 0.439982], [0.470905, 0.757353, -0.4524], [-0.626755, -0.073672, -0.775725]]], "btipPosition": [66.843018, 350.046356, -90.035698], "carpPosition": [-40.221901, 315.767151, -174.824509], "dipPosition": [58.813622, 349.102539, -99.973557], "direction": [0.626756, 0.073672, 0.775725], "extended": true, "handId": 22, "id": 222, "length": 59.446751, "mcpPosition": [13.590687, 339.39444, -149.663712], "pipPosition": [43.006866, 347.244537, -119.537323], "timeVisible": 33.468582, "tipPosition": [66.843018, 350.046356, -90.035698], "type": 2, "width": 17.181961}, {"bases": [[[-0.656307, 0.569173, 0.495281], [0.017111, 0.667501, -0.744412], [-0.7543, -0.480088, -0.447825]], [[-0.628984, 0.581306, 0.5162], [0.304665, 0.795194, -0.524258], [-0.715233, -0.172482, -0.677268]], [[-0.630431, 0.58101, 0.514767], [0.355754, 0.805663, -0.473652], [-0.689925, -0.115475, -0.714611]], [[-0.630093, 0.581069, 0.515113], [0.343699, 0.803536, -0.486005], [-0.696314, -0.129185, -0.706015]]], "btipPosition": [52.350025, 362.308502, -89.178246], "carpPosition": [-45.160187, 323.421692, -168.319626], "dipPosition": [43.473392, 360.661652, -98.178551], "direction": [0.689925, 0.115475, 0.714611], "extended": true, "handId": 22, "id": 223, "length": 57.154236, "mcpPosition": [-1.864197, 350.97821, -142.614975], "pipPosition": [26.532274, 357.826172, -115.72583], "timeVisible": 33.468582, "tipPosition": [52.350025, 362.308502, -89.178246], "type": 3, "width": 16.349726}, {"bases": [[[-0.732943, 0.391616, 0.556266], [-0.151885, 0.702848, -0.694936], [-0.663118, -0.593837, -0.455667]], [[-0.629246, 0.447066, 0.635753], [0.177703, 0.879088, -0.442297], [-0.756618, -0.165339, -0.632608]], [[-0.633152, 0.446322, 0.632388], [0.218178, 0.886791, -0.407431], [-0.742642, -0.119993, -0.658851]], [[-0.640203, 0.446102, 0.625406], [0.377285, 0.89175, -0.249874], [-0.669176, 0.075986, -0.739209]]], "btipPosition": [26.653736, 365.130432, -94.43367], "carpPosition": [-53.165722, 327.189606, -158.700623], "dipPosition": [18.75935, 366.026855, -103.154243], "direction": [0.742642, 0.119993, 0.658851], "extended": true, "handId": 22, "id": 224, "length": 44.873875, "mcpPosition": [-17.93189, 358.742279, -134.489426], "pipPosition": [5.882417, 363.946259, -114.578308], "timeVisible": 33.468582, "tipPosition": [26.653736, 365.130432, -94.43367], "type": 4, "width": 14.523104}, {"bases": [[[-0.02226, 0.808179, -0.588516], [0.122519, -0.58202, -0.803892], [-0.992217, -0.089999, -0.086061]], [[0.105328, 0.823509, -0.557439], [0.389274, -0.549968, -0.738919], [-0.91508, -0.139168, -0.378497]], [[0.097085, 0.821042, -0.562552], [0.706274, -0.455077, -0.542293], [-0.70125, -0.344667, -0.624062]], [[0.090099, 0.814155, -0.573615], [0.974645, -0.190527, -0.117332], [-0.204816, -0.548499, -0.810678]]], "btipPosition": [25.407938, 314.347992, -117.60154], "carpPosition": [-40.057465, 288.840851, -166.501526], "dipPosition": [22.117231, 305.535431, -130.62645], "direction": [0.70125, 0.344667, 0.624062], "extended": false, "handId": 22, "id": 220, "length": 46.479771, "mcpPosition": [-40.057465, 288.840851, -166.501526], "pipPosition": [0.790051, 295.05304, -149.606094], "timeVisible": 33.468582, "tipPosition": [25.407938, 314.347992, -117.60154], "type": 0, "width": 18.315052}], "timestamp": 148135112034, "label": 3}, {"currentFrameRate": 43.930286, "devices": [], "hands": [{"armBasis": [[-0.677136, 0.72547, 0.123208], [-0.503433, -0.334601, -0.796616], [-0.536696, -0.601444, 0.591796]], "armWidth": 57.862366, "confidence": 0.572104, "direction": [0.649955, 0.697923, 0.30077], "elbow": [-273.23761, 157.07515, 0.475189], "grabAngle": 0.673169, "grabStrength": 0.000321, "id": 22, "palmNormal": [-0.027933, -0.373558, 0.927186], "palmPosition": [-89.93071, 349.08493, -132.176834], "palmVelocity": [-347.297791, 77.10157, 176.604538], "palmWidth": 83.376846, "pinchDistance": 33.126503, "pinchStrength": 0.298278, "timeVisible": 33.764099, "type": "right", "wrist": [-140.454269, 305.87796, -145.94046]}], "id": 11281, "pointables": [{"bases": [[[-0.639549, 0.719538, 0.270631], [0.141585, 0.456267, -0.878507], [-0.755599, -0.523531, -0.393681]], [[-0.774652, 0.617177, 0.137869], [0.437689, 0.680613, -0.587532], [-0.456446, -0.394789, -0.79737]], [[-0.769399, 0.621352, 0.148146], [0.500254, 0.730345, -0.465126], [-0.397204, -0.283757, -0.872761]], [[-0.765904, 0.623479, 0.157052], [0.561415, 0.767568, -0.309279], [-0.313377, -0.148706, -0.937913]]], "btipPosition": [-28.404408, 374.591309, -73.303398], "carpPosition": [-108.959946, 316.388245, -159.966141], "dipPosition": [-32.05632, 372.858368, -84.233307], "direction": [0.397204, 0.283757, 0.872761], "extended": true, "handId": 22, "id": 221, "length": 52.202999, "mcpPosition": [-58.021965, 351.68161, -133.426529], "pipPosition": [-40.568829, 366.777161, -102.937492], "timeVisible": 33.764099, "tipPosition": [-28.404408, 374.591309, -73.303398], "type": 1, "width": 17.494537}, {"bases": [[[-0.750457, 0.553796, 0.360727], [0.0148, 0.55974, -0.828536], [-0.660754, -0.616442, -0.428257]], [[-0.819576, 0.493709, 0.290769], [0.25737, 0.770614, -0.583022], [-0.511914, -0.402995, -0.758643]], [[-0.817789, 0.494978, 0.293628], [0.32041, 0.815392, -0.482154], [-0.478078, -0.300219, -0.825415]], [[-0.817309, 0.495268, 0.294475], [0.337517, 0.825715, -0.451971], [-0.466999, -0.270009, -0.842026]]], "btipPosition": [-33.097858, 393.302887, -65.948387], "carpPosition": [-115.241875, 325.646515, -157.32074], "dipPosition": [-39.068203, 389.850952, -76.713264], "direction": [0.478078, 0.300219, 0.825415], "extended": true, "handId": 22, "id": 222, "length": 59.346123, "mcpPosition": [-72.999573, 365.055969, -129.942078], "pipPosition": [-51.10424, 382.292664, -97.493813], "timeVisible": 33.764099, "tipPosition": [-33.097858, 393.302887, -65.948387], "type": 2, "width": 17.181961}, {"bases": [[[-0.838479, 0.413264, 0.355199], [-0.059926, 0.57794, -0.813876], [-0.541629, -0.703704, -0.459825]], [[-0.828736, 0.423301, 0.366079], [0.165807, 0.81048, -0.561809], [-0.534514, -0.404893, -0.74186]], [[-0.828838, 0.423227, 0.365931], [0.200673, 0.835408, -0.511687], [-0.522262, -0.350673, -0.777348]], [[-0.828869, 0.423207, 0.365884], [0.216902, 0.845964, -0.487133], [-0.515683, -0.324409, -0.792988]]], "btipPosition": [-51.122486, 401.410797, -67.349281], "carpPosition": [-122.77169, 332.239044, -152.307114], "dipPosition": [-57.685253, 397.282257, -77.441124], "direction": [0.522262, 0.350673, 0.777348], "extended": true, "handId": 22, "id": 223, "length": 57.066853, "mcpPosition": [-91.68277, 372.630859, -125.913666], "pipPosition": [-70.488251, 388.685669, -96.497444], "timeVisible": 33.764099, "tipPosition": [-51.122486, 401.410797, -67.349281], "type": 3, "width": 16.349726}, {"bases": [[[-0.874026, 0.227829, 0.429152], [-0.237225, 0.570725, -0.786128], [-0.424031, -0.788902, -0.444782]], [[-0.838554, 0.270268, 0.473057], [0.028925, 0.889143, -0.456714], [-0.54405, -0.369296, -0.753412]], [[-0.838554, 0.270268, 0.473057], [0.028925, 0.889143, -0.456714], [-0.54405, -0.369296, -0.753412]], [[-0.84414, 0.267576, 0.464576], [0.162363, 0.953445, -0.254128], [-0.510947, -0.139089, -0.848285]]], "btipPosition": [-77.538109, 396.166321, -73.76091], "carpPosition": [-132.615768, 334.601685, -144.122513], "dipPosition": [-83.552757, 394.529022, -83.746567], "direction": [0.54405, 0.369296, 0.753412], "extended": true, "handId": 22, "id": 224, "length": 44.812988, "mcpPosition": [-110.085495, 376.51886, -120.489647], "pipPosition": [-92.972397, 388.135071, -96.791077], "timeVisible": 33.764099, "tipPosition": [-77.538109, 396.166321, -73.76091], "type": 4, "width": 14.523104}, {"bases": [[[-0.153794, 0.716185, -0.680755], [0.370046, -0.597068, -0.711742], [-0.916195, -0.361372, -0.173196]], [[0.028828, 0.787655, -0.615442], [0.554534, -0.524867, -0.645761], [-0.831662, -0.322667, -0.451912]], [[0.019467, 0.78185, -0.623163], [0.848605, -0.342493, -0.403198], [-0.528669, -0.52097, -0.670149]], [[0.014697, 0.770214, -0.637616], [0.998441, 0.023036, 0.050841], [0.053847, -0.637369, -0.768675]]], "btipPosition": [-56.834465, 341.039795, -92.937996], "carpPosition": [-109.185738, 300.538452, -145.8591], "dipPosition": [-55.968994, 330.795441, -105.292809], "direction": [0.528669, 0.52097, 0.670149], "extended": false, "handId": 22, "id": 220, "length": 46.498035, "mcpPosition": [-109.185738, 300.538452, -145.8591], "pipPosition": [-72.053841, 314.944855, -125.682198], "timeVisible": 33.764099, "tipPosition": [-56.834465, 341.039795, -92.937996], "type": 0, "width": 18.315052}], "timestamp": 148135407550, "label": 3}, {"currentFrameRate": 43.926823, "devices": [], "hands": [{"armBasis": [[-0.804919, 0.58905, 0.071597], [-0.335662, -0.352496, -0.873543], [-0.489323, -0.727163, 0.481453]], "armWidth": 57.862366, "confidence": 0.654271, "direction": [0.424469, 0.800167, 0.423743], "elbow": [-337.988739, 127.292534, 37.553867], "grabAngle": 1.102631, "grabStrength": 0.196358, "id": 22, "palmNormal": [-0.002734, -0.466861, 0.884327], "palmPosition": [-179.452148, 359.290894, -59.104046], "palmVelocity": [-207.036972, 18.670048, 223.785583], "palmWidth": 83.376846, "pinchDistance": 32.083588, "pinchStrength": 0.670651, "timeVisible": 34.059902, "type": "right", "wrist": [-216.925873, 307.19931, -81.561928]}], "id": 11294, "pointables": [{"bases": [[[-0.892702, 0.308782, 0.328233], [-0.065181, 0.632228, -0.772036], [-0.445909, -0.710592, -0.544264]], [[-0.927312, 0.263422, 0.265897], [0.145192, 0.907944, -0.393137], [-0.344981, -0.325955, -0.880194]], [[-0.926601, 0.263912, 0.267882], [0.215492, 0.95645, -0.196891], [-0.308178, -0.124713, -0.943119]], [[-0.925902, 0.26391, 0.270291], [0.287863, 0.956235, 0.052435], [-0.244624, 0.126356, -0.96135]]], "btipPosition": [-141.973816, 393.821625, 19.396248], "carpPosition": [-195.920303, 333.039795, -88.490784], "dipPosition": [-145.071762, 395.421814, 7.221601], "direction": [0.308178, 0.124713, 0.943119], "extended": true, "handId": 22, "id": 222, "length": 58.858185, "mcpPosition": [-167.413101, 378.468323, -53.695705], "pipPosition": [-152.765076, 392.308502, -16.322271], "timeVisible": 34.059902, "tipPosition": [-141.973816, 393.821625, 19.396248], "type": 2, "width": 17.181961}, {"bases": [[[-0.94112, 0.152303, 0.301822], [-0.142975, 0.629699, -0.763569], [-0.306351, -0.761763, -0.570847]], [[-0.941744, 0.151223, 0.300415], [0.027689, 0.925044, -0.378849], [-0.335188, -0.34846, -0.875342]], [[-0.942287, 0.150754, 0.298947], [0.071325, 0.962782, -0.260698], [-0.327122, -0.22433, -0.917969]], [[-0.942896, 0.150483, 0.297156], [0.125753, 0.98693, -0.10077], [-0.308437, -0.057648, -0.949497]]], "btipPosition": [-162.646103, 400.610748, 17.701305], "carpPosition": [-205.250595, 337.000732, -83.766861], "dipPosition": [-166.533813, 399.884125, 5.733309], "direction": [0.327122, 0.22433, 0.917969], "extended": true, "handId": 22, "id": 223, "length": 56.560474, "mcpPosition": [-187.666412, 380.725098, -51.00087], "pipPosition": [-174.476501, 394.437286, -16.555449], "timeVisible": 34.059902, "tipPosition": [-162.646103, 400.610748, 17.701305], "type": 3, "width": 16.349726}, {"bases": [[[-0.933604, -0.043039, 0.355711], [-0.314113, 0.575932, -0.754742], [-0.172382, -0.816364, -0.551211]], [[-0.931304, -0.038281, 0.362227], [-0.124486, 0.968032, -0.217755], [-0.342311, -0.247889, -0.906297]], [[-0.931731, -0.038574, 0.361095], [-0.115386, 0.974261, -0.193654], [-0.344331, -0.222099, -0.9122]], [[-0.933804, -0.038422, 0.355716], [0.062711, 0.961249, 0.268454], [-0.352246, 0.27299, -0.895209]]], "btipPosition": [-186.072205, 387.999725, 7.239477], "carpPosition": [-216.027359, 336.232147, -76.677803], "dipPosition": [-190.207245, 391.204376, -3.269432], "direction": [0.344331, 0.222099, 0.9122], "extended": true, "handId": 22, "id": 224, "length": 44.63364, "mcpPosition": [-206.868088, 379.60849, -47.38998], "pipPosition": [-196.136307, 387.380035, -18.97669], "timeVisible": 34.059902, "tipPosition": [-186.072205, 387.999725, 7.239477], "type": 4, "width": 14.523104}, {"bases": [[[-0.279073, 0.725225, -0.629418], [0.564259, -0.406518, -0.718579], [-0.777001, -0.55569, -0.295767]], [[-0.060861, 0.875287, -0.47976], [0.778459, -0.259216, -0.571672], [-0.624738, -0.408266, -0.665599]], [[-0.071324, 0.86472, -0.497165], [0.959901, -0.075973, -0.269848], [-0.271115, -0.496476, -0.824627]], [[-0.070619, 0.84756, -0.525981], [0.947676, 0.221577, 0.229812], [0.311325, -0.48223, -0.818859]]], "btipPosition": [-153.499344, 350.214447, -11.076851], "carpPosition": [-184.602875, 309.207611, -78.916214], "dipPosition": [-148.510086, 342.486267, -24.199814], "direction": [0.271114, 0.496476, 0.824627], "extended": false, "handId": 22, "id": 220, "length": 46.379757, "mcpPosition": [-184.602875, 309.207611, -78.916214], "pipPosition": [-156.739456, 327.416321, -49.230408], "timeVisible": 34.059902, "tipPosition": [-153.499344, 350.214447, -11.076851], "type": 0, "width": 18.315052}, {"bases": [[[-0.821315, 0.505532, 0.264345], [0.087328, 0.56933, -0.817458], [-0.563751, -0.648306, -0.511746]], [[-0.875041, 0.45223, 0.172603], [0.390875, 0.870486, -0.299117], [-0.285518, -0.194274, -0.938476]], [[-0.871885, 0.452644, 0.186896], [0.4698, 0.880843, 0.05834], [-0.138219, 0.138669, -0.980646]], [[-0.871222, 0.450005, 0.196134], [0.490885, 0.796917, 0.352073], [0.002132, 0.403013, -0.915192]]], "btipPosition": [-135.428833, 369.721375, 10.363198], "carpPosition": [-187.255783, 326.237732, -91.502281], "dipPosition": [-135.404099, 374.396179, -0.25269], "direction": [0.138219, -0.138669, 0.980646], "extended": false, "handId": 22, "id": 221, "length": 52.030174, "mcpPosition": [-149.251083, 369.942657, -57.003426], "pipPosition": [-138.354965, 377.356659, -21.188725], "timeVisible": 34.059902, "tipPosition": [-135.428833, 369.721375, 10.363198], "type": 1, "width": 17.494537}], "timestamp": 148135703353, "label": 3}], [{"currentFrameRate": 43.960068, "devices": [], "hands": [{"armBasis": [[-0.380309, 0.870194, 0.313253], [-0.577794, 0.040921, -0.815156], [-0.722163, -0.491007, 0.487231]], "armWidth": 57.862366, "confidence": 0.612664, "direction": [0.85208, 0.364994, 0.375153], "elbow": [-185.10173, 172.38649, 16.076986], "grabAngle": 0.633357, "grabStrength": 0.0, "id": 22, "palmNormal": [-0.14403, -0.52557, 0.83847], "palmPosition": [56.029434, 313.914856, -86.582283], "palmVelocity": [-38.316101, 13.928389, 93.384918], "palmWidth": 83.376846, "pinchDistance": 29.48288, "pinchStrength": 0.282404, "timeVisible": 35.379341, "type": "right", "wrist": [-6.432174, 293.865997, -104.468254]}], "id": 11352, "pointables": [{"bases": [[[-0.352996, 0.81885, 0.452635], [0.279573, 0.55399, -0.784178], [-0.892879, -0.150267, -0.424484]], [[-0.547359, 0.784503, 0.291468], [0.59697, 0.610079, -0.520989], [-0.586536, -0.111171, -0.802257]], [[-0.540236, 0.785246, 0.302546], [0.684215, 0.619183, -0.385309], [-0.489893, -0.001151, -0.871782]], [[-0.535676, 0.784511, 0.312401], [0.771422, 0.605118, -0.196828], [-0.343453, 0.135557, -0.929336]]], "btipPosition": [123.825424, 308.654449, -29.699858], "carpPosition": [26.716387, 295.829651, -118.485619], "dipPosition": [119.823997, 310.233765, -40.527161], "direction": [0.489893, 0.001151, 0.871782], "extended": true, "handId": 22, "id": 221, "length": 52.186382, "mcpPosition": [86.908943, 305.959747, -89.869423], "pipPosition": [109.328568, 310.209106, -59.204132], "timeVisible": 35.379341, "tipPosition": [123.825424, 308.654449, -29.699858], "type": 1, "width": 17.494537}, {"bases": [[[-0.512835, 0.6845, 0.518131], [0.196199, 0.681017, -0.705494], [-0.835767, -0.260146, -0.483548]], [[-0.608572, 0.662201, 0.437184], [0.46942, 0.744656, -0.474481], [-0.639754, -0.083533, -0.764027]], [[-0.60509, 0.662287, 0.441862], [0.576028, 0.747296, -0.331271], [-0.549598, 0.054076, -0.833677]], [[-0.60509, 0.662287, 0.441862], [0.576028, 0.747296, -0.331271], [-0.549598, 0.054076, -0.833677]]], "btipPosition": [125.651085, 324.085114, -18.38559], "carpPosition": [23.986744, 305.933655, -113.634033], "dipPosition": [118.623741, 324.77655, -29.045258], "direction": [0.549598, -0.054076, 0.833677], "extended": true, "handId": 22, "id": 222, "length": 59.355354, "mcpPosition": [77.417717, 322.56488, -82.720581], "pipPosition": [104.784645, 326.138214, -50.03756], "timeVisible": 35.379341, "tipPosition": [125.651085, 324.085114, -18.38559], "type": 2, "width": 17.181961}, {"bases": [[[-0.643557, 0.585458, 0.493025], [0.132315, 0.719541, -0.681728], [-0.753875, -0.373496, -0.540531]], [[-0.631452, 0.589213, 0.50408], [0.40904, 0.805382, -0.429005], [-0.658753, -0.064707, -0.749572]], [[-0.631349, 0.589216, 0.504205], [0.480006, 0.807567, -0.34268], [-0.609092, 0.025671, -0.792684]], [[-0.631397, 0.589217, 0.504144], [0.456248, 0.807957, -0.372886], [-0.627037, -0.005424, -0.77897]]], "btipPosition": [111.529518, 336.906616, -16.751823], "carpPosition": [19.205578, 313.462219, -106.869728], "dipPosition": [103.545906, 336.837555, -26.669886], "direction": [0.609092, -0.025671, 0.792684], "extended": true, "handId": 22, "id": 223, "length": 57.091393, "mcpPosition": [62.47715, 334.900482, -75.843849], "pipPosition": [88.607231, 337.467163, -46.111343], "timeVisible": 35.379341, "tipPosition": [111.529518, 336.906616, -16.751823], "type": 3, "width": 16.349726}, {"bases": [[[-0.739441, 0.411304, 0.532969], [-0.036518, 0.765999, -0.641804], [-0.67223, -0.494039, -0.551391]], [[-0.664645, 0.441423, 0.60282], [0.285398, 0.895629, -0.341169], [-0.690504, -0.054713, -0.721257]], [[-0.669044, 0.441351, 0.597988], [0.353099, 0.89674, -0.266793], [-0.653989, 0.032653, -0.755799]], [[-0.67264, 0.441895, 0.593536], [0.441326, 0.883406, -0.157562], [-0.593959, 0.15596, -0.789233]]], "btipPosition": [86.588104, 342.73819, -23.199667], "carpPosition": [10.816683, 317.171021, -97.583504], "dipPosition": [79.586708, 344.576599, -32.502892], "direction": [0.653989, -0.032653, 0.755799], "extended": true, "handId": 22, "id": 224, "length": 44.840996, "mcpPosition": [46.534668, 343.421082, -68.286148], "pipPosition": [68.257042, 345.142273, -45.596321], "timeVisible": 35.379341, "tipPosition": [86.588104, 342.73819, -23.199667], "type": 4, "width": 14.523104}, {"bases": [[[0.092604, 0.850539, -0.517695], [0.136852, -0.525867, -0.839485], [-0.986254, 0.006892, -0.165096]], [[0.196343, 0.84905, -0.490473], [0.27883, -0.527905, -0.802228], [-0.940055, 0.020753, -0.340391]], [[0.189155, 0.848246, -0.494671], [0.646475, -0.486762, -0.58748], [-0.739114, -0.208668, -0.640443]], [[0.183019, 0.84387, -0.504368], [0.960524, -0.262825, -0.091195], [-0.209517, -0.467767, -0.85866]]], "btipPosition": [89.008682, 291.379547, -59.139954], "carpPosition": [21.193224, 278.441681, -107.615547], "dipPosition": [85.641769, 283.862579, -72.93853], "direction": [0.739114, 0.208668, 0.640443], "extended": false, "handId": 22, "id": 220, "length": 46.488392, "mcpPosition": [21.193224, 278.441681, -107.615547], "pipPosition": [63.159023, 277.515228, -92.419853], "timeVisible": 35.379341, "tipPosition": [89.008682, 291.379547, -59.139954], "type": 0, "width": 18.315052}], "timestamp": 148137022791, "label": 3}, {"currentFrameRate": 43.965935, "devices": [], "hands": [{"armBasis": [[-0.405597, 0.856322, 0.319692], [-0.598457, 0.015581, -0.801003], [-0.690898, -0.516206, 0.506153]], "armWidth": 57.862366, "confidence": 0.619198, "direction": [0.860578, 0.378473, 0.340828], "elbow": [-190.240433, 170.67421, 18.543627], "grabAngle": 0.663504, "grabStrength": 0.004363, "id": 22, "palmNormal": [-0.119758, -0.500056, 0.857672], "palmPosition": [43.334297, 319.541382, -90.931801], "palmVelocity": [-88.846344, 50.522427, -49.225208], "palmWidth": 83.376846, "pinchDistance": 28.300394, "pinchStrength": 0.351438, "timeVisible": 35.675091, "type": "right", "wrist": [-19.305923, 298.388336, -106.683083]}], "id": 11365, "pointables": [{"bases": [[[-0.343518, 0.8314, 0.436772], [0.256609, 0.530469, -0.807932], [-0.903408, -0.16546, -0.395571]], [[-0.529535, 0.799427, 0.28374], [0.628027, 0.594308, -0.502374], [-0.570241, -0.087828, -0.816769]], [[-0.524523, 0.799818, 0.291834], [0.703861, 0.600212, -0.379903], [-0.479015, 0.006143, -0.877785]], [[-0.521765, 0.79941, 0.297833], [0.777253, 0.58937, -0.220275], [-0.351624, 0.11656, -0.928856]]], "btipPosition": [110.318634, 313.437134, -33.932167], "carpPosition": [13.24535, 300.414063, -121.470863], "dipPosition": [106.221069, 314.795441, -44.756371], "direction": [0.479015, -0.006143, 0.877785], "extended": true, "handId": 22, "id": 221, "length": 52.206291, "mcpPosition": [74.147743, 311.56839, -94.803864], "pipPosition": [95.954727, 314.927094, -63.569214], "timeVisible": 35.675091, "tipPosition": [110.318634, 313.437134, -33.932167], "type": 1, "width": 17.494537}, {"bases": [[[-0.501093, 0.698706, 0.510604], [0.174942, 0.659629, -0.730948], [-0.847527, -0.276946, -0.452769]], [[-0.587012, 0.678957, 0.440947], [0.486076, 0.731144, -0.478705], [-0.647416, -0.066672, -0.759215]], [[-0.586971, 0.678958, 0.441], [0.58464, 0.732274, -0.349244], [-0.560055, 0.05283, -0.82677]], [[-0.586971, 0.678958, 0.441], [0.584639, 0.732274, -0.349244], [-0.560055, 0.05283, -0.826769]]], "btipPosition": [113.727203, 329.18219, -24.067692], "carpPosition": [10.608089, 310.630676, -116.851357], "dipPosition": [106.570251, 329.8573, -34.632996], "direction": [0.560055, -0.05283, 0.82677], "extended": true, "handId": 22, "id": 222, "length": 59.327332, "mcpPosition": [64.790886, 328.335999, -87.90564], "pipPosition": [92.4748, 331.18692, -55.441128], "timeVisible": 35.675091, "tipPosition": [113.727203, 329.18219, -24.067692], "type": 2, "width": 17.181961}, {"bases": [[[-0.632104, 0.598609, 0.492049], [0.111588, 0.698698, -0.70666], [-0.766807, -0.391776, -0.508448]], [[-0.602028, 0.607865, 0.517749], [0.415411, 0.792198, -0.447051], [-0.681906, -0.054059, -0.729439]], [[-0.604213, 0.607815, 0.515254], [0.48214, 0.793706, -0.370906], [-0.634403, 0.024318, -0.77262]], [[-0.603613, 0.607803, 0.515971], [0.46344, 0.794086, -0.393257], [-0.648748, 0.001747, -0.761001]]], "btipPosition": [100.818214, 342.372833, -23.498901], "carpPosition": [5.984545, 318.360809, -110.200859], "dipPosition": [92.567284, 342.39505, -33.17749], "direction": [0.634403, -0.024318, 0.77262], "extended": true, "handId": 22, "id": 223, "length": 57.034626, "mcpPosition": [49.998405, 340.848328, -81.016525], "pipPosition": [77.024544, 342.990845, -52.10651], "timeVisible": 35.675091, "tipPosition": [100.818214, 342.372833, -23.498901], "type": 3, "width": 16.349726}, {"bases": [[[-0.726295, 0.425513, 0.539846], [-0.056273, 0.745922, -0.663652], [-0.685075, -0.512386, -0.517815]], [[-0.628367, 0.464603, 0.623938], [0.290017, 0.884151, -0.366289], [-0.721834, -0.049211, -0.690314]], [[-0.633466, 0.464491, 0.618845], [0.346586, 0.88539, -0.309779], [-0.691808, 0.018249, -0.72185]], [[-0.639752, 0.465498, 0.611578], [0.476467, 0.864576, -0.159649], [-0.603072, 0.189261, -0.774909]]], "btipPosition": [75.971588, 348.613678, -30.004799], "carpPosition": [-2.181637, 322.386017, -100.822983], "dipPosition": [68.871391, 350.841919, -39.128094], "direction": [0.691808, -0.018249, 0.72185], "extended": true, "handId": 22, "id": 224, "length": 44.784515, "mcpPosition": [34.218861, 349.610901, -73.309608], "pipPosition": [56.905468, 351.157562, -51.61364], "timeVisible": 35.675091, "tipPosition": [75.971588, 348.613678, -30.004799], "type": 4, "width": 14.523104}, {"bases": [[[0.075839, 0.834548, -0.545691], [0.116109, -0.550935, -0.826431], [-0.990337, -0.000684, -0.138681]], [[0.209345, 0.835487, -0.508071], [0.33964, -0.549362, -0.763443], [-0.916962, -0.012739, -0.398771]], [[0.199785, 0.834009, -0.51431], [0.675594, -0.497423, -0.54419], [-0.709689, -0.238744, -0.662829]], [[0.191695, 0.827552, -0.527646], [0.959665, -0.270702, -0.075917], [-0.20566, -0.49181, -0.846065]]], "btipPosition": [73.921913, 299.04718, -58.409309], "carpPosition": [8.092485, 283.313049, -109.970276], "dipPosition": [70.617096, 291.144135, -72.004982], "direction": [0.709689, 0.238744, 0.662829], "extended": false, "handId": 22, "id": 220, "length": 46.488483, "mcpPosition": [8.092485, 283.313049, -109.970276], "pipPosition": [49.028927, 283.881744, -92.167709], "timeVisible": 35.675091, "tipPosition": [73.921913, 299.04718, -58.409309], "type": 0, "width": 18.315052}], "timestamp": 148137318542, "label": 3}, {"currentFrameRate": 43.961296, "devices": [], "hands": [{"armBasis": [[-0.508355, 0.835638, 0.208051], [-0.610377, -0.179219, -0.77157], [-0.607466, -0.519221, 0.601161]], "armWidth": 57.862366, "confidence": 0.588831, "direction": [0.787863, 0.575272, 0.21985], "elbow": [-221.013855, 176.508698, 7.446752], "grabAngle": 0.683726, "grabStrength": 0.035016, "id": 22, "palmNormal": [0.025293, -0.38691, 0.921771], "palmPosition": [-12.112759, 338.811432, -133.150009], "palmVelocity": [-227.564377, 78.863312, -65.112518], "palmWidth": 83.376846, "pinchDistance": 27.688795, "pinchStrength": 0.383028, "timeVisible": 35.970856, "type": "right", "wrist": [-70.721184, 304.968658, -141.285858]}], "id": 11378, "pointables": [{"bases": [[[-0.474312, 0.807027, 0.351762], [0.105526, 0.448805, -0.887377], [-0.87401, -0.383773, -0.298035]], [[-0.67665, 0.709261, 0.19772], [0.49513, 0.637053, -0.590771], [-0.544969, -0.301848, -0.782238]], [[-0.668629, 0.713236, 0.210308], [0.557806, 0.668115, -0.492417], [-0.49172, -0.211934, -0.844568]], [[-0.661092, 0.715549, 0.225713], [0.650244, 0.696484, -0.303468], [-0.374352, -0.053852, -0.925722]]], "btipPosition": [55.147446, 352.883606, -79.71389], "carpPosition": [-39.472454, 310.31723, -158.5354], "dipPosition": [50.792557, 352.257141, -90.482948], "direction": [0.49172, 0.211934, 0.844568], "extended": true, "handId": 22, "id": 221, "length": 52.135994, "mcpPosition": [19.448046, 336.188934, -138.443634], "pipPosition": [40.270409, 347.722046, -108.555588], "timeVisible": 35.970856, "tipPosition": [55.147446, 352.883606, -79.71389], "type": 1, "width": 17.494537}, {"bases": [[[-0.599026, 0.659344, 0.454349], [0.004604, 0.570246, -0.821461], [-0.800716, -0.489985, -0.344628]], [[-0.699912, 0.604483, 0.380424], [0.318073, 0.740706, -0.591764], [-0.639494, -0.29318, -0.710699]], [[-0.696719, 0.605689, 0.384348], [0.415566, 0.777522, -0.47198], [-0.584712, -0.169116, -0.793418]], [[-0.696719, 0.605689, 0.384348], [0.415566, 0.777522, -0.47198], [-0.584712, -0.169115, -0.793418]]], "btipPosition": [56.789398, 370.659271, -72.580093], "carpPosition": [-43.842751, 320.414276, -154.997208], "dipPosition": [49.334728, 368.503174, -82.69561], "direction": [0.584712, 0.169116, 0.793418], "extended": true, "handId": 22, "id": 222, "length": 59.212646, "mcpPosition": [7.347438, 351.739227, -132.964951], "pipPosition": [34.647968, 364.255341, -102.624626], "timeVisible": 35.970856, "tipPosition": [56.789398, 370.659271, -72.580093], "type": 2, "width": 17.181961}, {"bases": [[[-0.70896, 0.535176, 0.459306], [-0.063733, 0.599986, -0.797468], [-0.702363, -0.594646, -0.391258]], [[-0.690402, 0.546784, 0.473681], [0.24377, 0.792317, -0.559294], [-0.681118, -0.270669, -0.680306]], [[-0.690485, 0.546753, 0.473593], [0.293684, 0.810235, -0.507216], [-0.661044, -0.211139, -0.720029]], [[-0.69047, 0.546759, 0.473609], [0.280719, 0.805958, -0.52118], [-0.666669, -0.226908, -0.709976]]], "btipPosition": [42.368118, 380.903931, -73.068497], "carpPosition": [-49.524666, 328.018494, -149