[[{"currentFrameRate": 115.333176, "devices": [], "hands": [{"armBasis": [[0.383013, -0.007515, 0.923712], [-0.751547, 0.578886, 0.316335], [-0.537101, -0.815374, 0.216073]], "armWidth": 57.128113, "confidence": 0.795017, "direction": [0.747964, 0.656976, 0.094512], "elbow": [-276.102966, 7.281803, 137.203629], "grabAngle": 3.141593, "grabStrength": 1.0, "id": 28, "palmNormal": [0.645409, -0.686663, -0.334576], "palmPosition": [-90.65313, 257.333435, 78.976227], "palmVelocity": [-0.34242, 13.042193, 1.469526], "palmWidth": 83.871078, "pinchDistance": 43.99334, "pinchStrength": 0.0, "timeVisible": 10.067711, "type": "right", "wrist": [-142.431595, 210.208481, 83.428276]}], "id": 20327, "pointables": [{"bases": [[[-0.368983, 0.617121, 0.694991], [-0.705211, 0.301183, -0.641846], [-0.605417, -0.726946, 0.324069]], [[-0.152293, 0.904472, 0.398418], [-0.952483, -0.026723, -0.303416], [-0.263784, -0.425694, 0.865565]], [[-0.150947, 0.906509, 0.39428], [-0.943073, -0.012481, -0.332352], [-0.296359, -0.422002, 0.856788]], [[-0.154278, 0.900851, 0.40579], [-0.966352, -0.052024, -0.251906], [-0.205819, -0.430999, 0.878566]]], "btipPosition": [-103.620842, 263.808929, -22.657362], "carpPosition": [-127.471786, 225.44313, 55.348755], "dipPosition": [-106.882996, 256.977753, -8.73243], "direction": [0.296359, 0.422002, -0.856788], "extended": true, "handId": 28, "id": 280, "length": 45.915371, "mcpPosition": [-127.471786, 225.44313, 55.348755], "pipPosition": [-115.793251, 244.289932, 17.02754], "timeVisible": 10.067711, "tipPosition": [-103.620842, 263.808929, -22.657362], "type": 0, "width": 17.930977}, {"bases": [[[0.278296, -0.196524, 0.940175], [-0.532748, 0.782891, 0.321343], [-0.799206, -0.590305, 0.113178]], [[0.257034, -0.194247, 0.946679], [0.761104, 0.644345, -0.074436], [-0.595529, 0.739654, 0.31346]], [[0.222074, -0.410219, 0.884536], [0.543293, -0.701245, -0.461615], [0.809639, 0.583075, 0.067141]], [[0.117455, -0.441453, 0.889564], [-0.109272, -0.89607, -0.430254], [0.987048, -0.046669, -0.153487]]], "btipPosition": [-85.700302, 241.186386, 48.968052], "carpPosition": [-133.769989, 241.433151, 68.28624], "dipPosition": [-74.182266, 240.6418, 47.176991], "direction": [-0.809639, -0.583075, -0.067141], "extended": false, "handId": 28, "id": 281, "length": 52.279072, "mcpPosition": [-79.572914, 281.463867, 60.611237], "pipPosition": [-56.789959, 253.16716, 48.619278], "timeVisible": 10.067711, "tipPosition": [-85.700302, 241.186386, 48.968052], "type": 1, "width": 17.127668}, {"bases": [[[0.254478, -0.405034, 0.878173], [-0.495446, 0.725245, 0.478071], [-0.830526, -0.556746, -0.016114]], [[0.246788, -0.404334, 0.880687], [0.791909, 0.607953, 0.057208], [-0.558547, 0.683306, 0.470231]], [[0.236719, -0.449815, 0.86118], [0.501829, -0.702378, -0.50481], [0.831945, 0.551663, 0.059464]], [[0.213372, -0.456259, 0.863886], [-0.170813, -0.888052, -0.426833], [0.961923, -0.056489, -0.267421]]], "btipPosition": [-86.11657, 233.812119, 61.933666], "carpPosition": [-129.956894, 240.370926, 79.019417], "dipPosition": [-73.768173, 233.08696, 58.500729], "direction": [-0.831945, -0.551663, -0.059464], "extended": false, "handId": 28, "id": 282, "length": 59.446823, "mcpPosition": [-76.546196, 276.174957, 80.05571], "pipPosition": [-52.729092, 247.037994, 60.004505], "timeVisible": 10.067711, "tipPosition": [-86.11657, 233.812119, 61.933666], "type": 2, "width": 16.821648}, {"bases": [[[0.166105, -0.536061, 0.827676], [-0.502222, 0.676337, 0.538834], [-0.848636, -0.50518, -0.156879]], [[0.164378, -0.535895, 0.828128], [0.812581, 0.549508, 0.194304], [-0.559189, 0.640982, 0.525785]], [[0.170877, -0.506867, 0.844918], [0.539687, -0.669301, -0.510661], [0.824342, 0.543252, 0.159182]], [[0.188969, -0.502347, 0.843764], [-0.219893, -0.859072, -0.462214], [0.957047, -0.098194, -0.2728]]], "btipPosition": [-87.215828, 227.802353, 76.40963], "carpPosition": [-125.794716, 236.100006, 88.573959], "dipPosition": [-74.996407, 226.54863, 72.926559], "direction": [-0.824342, -0.543252, -0.159182], "extended": false, "handId": 28, "id": 283, "length": 57.165901, "mcpPosition": [-76.795227, 265.268646, 97.632011], "pipPosition": [-54.690407, 239.930542, 76.847679], "timeVisible": 10.067711, "tipPosition": [-87.215828, 227.802353, 76.40963], "type": 3, "width": 16.006863}, {"bases": [[[0.147451, -0.69526, 0.703471], [-0.543261, 0.53742, 0.645017], [-0.826514, -0.477277, -0.298465]], [[0.152512, -0.695321, 0.702331], [0.779437, 0.521546, 0.347084], [-0.607633, 0.494488, 0.621501]], [[0.164327, -0.612423, 0.773263], [0.62823, -0.539389, -0.560702], [0.760476, 0.577925, 0.296106]], [[0.231408, -0.591818, 0.772141], [-0.234009, -0.804243, -0.54629], [0.944293, -0.054272, -0.324599]]], "btipPosition": [-82.596458, 227.108383, 91.402733], "carpPosition": [-121.538368, 226.577667, 96.338127], "dipPosition": [-71.459114, 226.468277, 87.574295], "direction": [-0.760476, -0.577925, -0.296106], "extended": false, "handId": 28, "id": 284, "length": 44.927914, "mcpPosition": [-77.362419, 252.087433, 112.290619], "pipPosition": [-58.232658, 236.519745, 92.724266], "timeVisible": 10.067711, "tipPosition": [-82.596458, 227.108383, 91.402733], "type": 4, "width": 14.218548}], "timestamp": 6556732630, "label": 7}, {"currentFrameRate": 115.35762, "devices": [], "hands": [{"armBasis": [[0.391212, -0.013924, 0.920195], [-0.74774, 0.578092, 0.326642], [-0.536505, -0.815853, 0.215745]], "armWidth": 57.128113, "confidence": 0.798641, "direction": [0.745865, 0.65943, 0.094008], "elbow": [-275.519196, 7.537618, 137.362656], "grabAngle": 3.141593, "grabStrength": 1.0, "id": 28, "palmNormal": [0.645898, -0.681516, -0.344024], "palmPosition": [-90.405907, 257.920044, 79.176407], "palmVelocity": [1.470398, -0.643983, -4.398234], "palmWidth": 83.871078, "pinchDistance": 43.656086, "pinchStrength": 0.0, "timeVisible": 10.16307, "type": "right", "wrist": [-141.996078, 210.583481, 83.668922]}], "id": 20338, "pointables": [{"bases": [[[-0.366659, 0.610555, 0.701985], [-0.710953, 0.302805, -0.634709], [-0.60009, -0.7318, 0.32305]], [[-0.146862, 0.904154, 0.40117], [-0.952373, -0.019677, -0.304301], [-0.267241, -0.426754, 0.863981]], [[-0.14558, 0.906079, 0.397276], [-0.943198, -0.005899, -0.332178], [-0.298636, -0.423068, 0.855471]], [[-0.148932, 0.900394, 0.408791], [-0.967195, -0.046604, -0.249722], [-0.205797, -0.432572, 0.877798]]], "btipPosition": [-103.178482, 264.533875, -22.362162], "carpPosition": [-127.258423, 226.051483, 55.547836], "dipPosition": [-106.442055, 257.674042, -8.441846], "direction": [0.298636, 0.423068, -0.855471], "extended": true, "handId": 28, "id": 280, "length": 45.936859, "mcpPosition": [-127.258423, 226.051483, 55.547836], "pipPosition": [-115.424606, 244.94873, 17.289541], "timeVisible": 10.16307, "tipPosition": [-103.178482, 264.533875, -22.362162], "type": 0, "width": 17.930977}, {"bases": [[[0.285712, -0.202091, 0.936764], [-0.533735, 0.77831, 0.330696], [-0.795924, -0.594468, 0.11451]], [[0.264667, -0.199959, 0.943381], [0.75841, 0.647384, -0.075554], [-0.595622, 0.735466, 0.322992]], [[0.23029, -0.414146, 0.880596], [0.542726, -0.69645, -0.469474], [0.807722, 0.586038, 0.064382]], [[0.126724, -0.445647, 0.886194], [-0.107741, -0.894295, -0.434314], [0.986069, -0.040442, -0.161343]]], "btipPosition": [-85.620758, 241.954956, 49.048347], "carpPosition": [-133.520996, 241.897141, 68.670631], "dipPosition": [-74.112228, 241.482956, 47.165291], "direction": [-0.807722, -0.586038, -0.064382], "extended": false, "handId": 28, "id": 281, "length": 52.28339, "mcpPosition": [-79.546494, 282.210175, 60.905304], "pipPosition": [-56.759495, 254.07312, 48.54845], "timeVisible": 10.16307, "tipPosition": [-85.620758, 241.954956, 49.048347], "type": 1, "width": 17.127668}, {"bases": [[[0.262328, -0.41025, 0.873429], [-0.495093, 0.719699, 0.48674], [-0.828292, -0.560114, -0.014315]], [[0.254611, -0.409592, 0.876018], [0.790418, 0.610049, 0.055503], [-0.557147, 0.678288, 0.479074]], [[0.24484, -0.453976, 0.856714], [0.5029, -0.695991, -0.512532], [0.828942, 0.556329, 0.057898]], [[0.222158, -0.460452, 0.859436], [-0.164463, -0.886529, -0.432456], [0.96104, -0.045272, -0.272677]]], "btipPosition": [-85.916626, 234.401749, 61.901199], "carpPosition": [-129.644928, 240.8004, 79.377884], "dipPosition": [-73.577965, 233.820511, 58.400337], "direction": [-0.828942, -0.556329, -0.057898], "extended": false, "handId": 28, "id": 282, "length": 59.455315, "mcpPosition": [-76.377937, 276.821045, 80.298454], "pipPosition": [-52.614002, 247.890091, 59.864586], "timeVisible": 10.16307, "tipPosition": [-85.916626, 234.401749, 61.901199], "type": 2, "width": 16.821648}, {"bases": [[[0.174149, -0.541283, 0.822609], [-0.501237, 0.670328, 0.547195], [-0.847604, -0.507616, -0.154574]], [[0.172023, -0.541087, 0.823185], [0.813694, 0.549066, 0.190866], [-0.555257, 0.636987, 0.534731]], [[0.178243, -0.513749, 0.839221], [0.537871, -0.663311, -0.520301], [0.823968, 0.544133, 0.1581]], [[0.195143, -0.509399, 0.838112], [-0.211779, -0.856267, -0.471123], [0.957637, -0.085559, -0.274975]]], "btipPosition": [-87.026222, 228.291946, 76.270721], "carpPosition": [-125.396271, 236.48114, 88.872948], "dipPosition": [-74.798325, 227.199463, 72.759621], "direction": [-0.823968, -0.544133, -0.1581], "extended": false, "handId": 28, "id": 283, "length": 57.17289, "mcpPosition": [-76.456329, 265.790436, 97.79792], "pipPosition": [-54.500984, 240.603439, 76.654205], "timeVisible": 10.16307, "tipPosition": [-87.026222, 228.291946, 76.270721], "type": 3, "width": 16.006863}, {"bases": [[[0.155287, -0.699663, 0.697394], [-0.54095, 0.53048, 0.652659], [-0.826595, -0.478605, -0.296106]], [[0.159523, -0.699701, 0.696399], [0.783868, 0.51859, 0.34149], [-0.600087, 0.491409, 0.6312]], [[0.17254, -0.61583, 0.768755], [0.619765, -0.538732, -0.570665], [0.765585, 0.57491, 0.288717]], [[0.239512, -0.594982, 0.767223], [-0.227877, -0.802599, -0.551277], [0.943772, -0.042795, -0.327815]]], "btipPosition": [-82.406906, 227.524536, 91.320869], "carpPosition": [-121.032539, 226.909729, 96.521935], "dipPosition": [-71.275253, 227.019775, 87.454346], "direction": [-0.765585, -0.57491, -0.288717], "extended": false, "handId": 28, "id": 284, "length": 44.929573, "mcpPosition": [-76.85228, 252.490448, 112.348373], "pipPosition": [-57.95945, 237.019165, 92.47599], "timeVisible": 10.16307, "tipPosition": [-82.406906, 227.524536, 91.320869], "type": 4, "width": 14.218548}], "timestamp": 6556827989, "label": 7}, {"currentFrameRate": 115.365837, "devices": [], "hands": [{"armBasis": [[0.403191, -0.019009, 0.914918], [-0.737778, 0.584747, 0.337276], [-0.541407, -0.810993, 0.221741]], "armWidth": 57.128113, "confidence": 0.802429, "direction": [0.748172, 0.656223, 0.098028], "elbow": [-276.247772, 7.638112, 138.972885], "grabAngle": 3.141593, "grabStrength": 1.0, "id": 28, "palmNormal": [0.642526, -0.679707, -0.353778], "palmPosition": [-89.751144, 256.6586, 79.463531], "palmVelocity": [18.318747, -23.4928, -11.198927], "palmWidth": 83.871078, "pinchDistance": 43.824566, "pinchStrength": 0.0, "timeVisible": 10.267144, "type": "right", "wrist": [-141.504822, 209.474487, 83.787079]}], "id": 20350, "pointables": [{"bases": [[[-0.362092, 0.604144, 0.709858], [-0.712546, 0.311583, -0.628645], [-0.600972, -0.733434, 0.317659]], [[-0.137092, 0.903711, 0.405602], [-0.952648, -0.008088, -0.303969], [-0.271419, -0.428068, 0.862026]], [[-0.136273, 0.904951, 0.403104], [-0.946785, 0.0008, -0.321866], [-0.291595, -0.425515, 0.856685]], [[-0.140288, 0.897426, 0.418265], [-0.975559, -0.053127, -0.21322], [-0.169128, -0.437954, 0.882945]]], "btipPosition": [-103.330994, 263.8461, -22.348917], "carpPosition": [-126.806259, 225.140457, 55.605042], "dipPosition": [-106.013779, 256.899078, -8.343254], "direction": [0.291595, 0.425515, -0.856685], "extended": true, "handId": 28, "id": 280, "length": 45.947216, "mcpPosition": [-126.806259, 225.140457, 55.605042], "pipPosition": [-114.786362, 244.097565, 17.429922], "timeVisible": 10.267144, "tipPosition": [-103.330994, 263.8461, -22.348917], "type": 0, "width": 17.930977}, {"bases": [[[0.288796, -0.21284, 0.933432], [-0.530131, 0.776311, 0.341031], [-0.797219, -0.59333, 0.111363]], [[0.268951, -0.210834, 0.939795], [0.759936, 0.645934, -0.07257], [-0.591745, 0.733702, 0.333945]], [[0.236569, -0.40838, 0.881624], [0.539384, -0.69952, -0.468761], [0.808146, 0.586428, 0.054789]], [[0.141165, -0.437543, 0.888047], [-0.111102, -0.898365, -0.424966], [0.983732, -0.038674, -0.17543]]], "btipPosition": [-85.094269, 240.888763, 49.502899], "carpPosition": [-132.95195, 240.86972, 68.960289], "dipPosition": [-73.612915, 240.437393, 47.455418], "direction": [-0.808146, -0.586428, -0.054789], "extended": false, "handId": 28, "id": 281, "length": 52.283619, "mcpPosition": [-78.889671, 281.105591, 61.408382], "pipPosition": [-56.25098, 253.036011, 48.632481], "timeVisible": 10.267144, "tipPosition": [-85.094269, 240.888763, 49.502899], "type": 1, "width": 17.127668}, {"bases": [[[0.264549, -0.420247, 0.86799], [-0.491049, 0.715937, 0.496292], [-0.829991, -0.557519, -0.016962]], [[0.257049, -0.419611, 0.870547], [0.792456, 0.607104, 0.058638], [-0.553118, 0.674797, 0.488578]], [[0.248211, -0.458854, 0.853138], [0.499423, -0.694017, -0.518573], [0.830041, 0.554792, 0.0569]], [[0.228078, -0.464598, 0.855646], [-0.167957, -0.884408, -0.435445], [0.959047, -0.044396, -0.279746]]], "btipPosition": [-85.37458, 233.263428, 62.044392], "carpPosition": [-129.038239, 239.653168, 79.640648], "dipPosition": [-73.06131, 232.69342, 58.452709], "direction": [-0.830041, -0.554792, -0.0569], "extended": false, "handId": 28, "id": 282, "length": 59.456188, "mcpPosition": [-75.661972, 275.506897, 80.731438], "pipPosition": [-52.069386, 246.724228, 59.891716], "timeVisible": 10.267144, "tipPosition": [-85.37458, 233.263428, 62.044392], "type": 2, "width": 16.821648}, {"bases": [[[0.175785, -0.550476, 0.816135], [-0.497101, 0.665945, 0.556244], [-0.8497, -0.503481, -0.156579]], [[0.173275, -0.550242, 0.816829], [0.817338, 0.543069, 0.192446], [-0.549486, 0.634279, 0.543833]], [[0.179323, -0.524774, 0.832139], [0.531583, -0.660051, -0.530804], [0.827806, 0.537536, 0.160598]], [[0.195127, -0.520765, 0.831101], [-0.215137, -0.849479, -0.48177], [0.956892, -0.084794, -0.277792]]], "btipPosition": [-86.585808, 227.055359, 76.201851], "carpPosition": [-124.76442, 235.224014, 89.074257], "dipPosition": [-74.367592, 225.972656, 72.654823], "direction": [-0.827806, -0.537536, -0.160598], "extended": false, "handId": 28, "id": 283, "length": 57.173004, "mcpPosition": [-75.703476, 264.294556, 98.115021], "pipPosition": [-53.975842, 239.21405, 76.610916], "timeVisible": 10.267144, "tipPosition": [-86.585808, 227.055359, 76.201851], "type": 3, "width": 16.006863}, {"bases": [[[0.155963, -0.707465, 0.689325], [-0.536812, 0.525104, 0.660378], [-0.829161, -0.473032, -0.297879]], [[0.158492, -0.707496, 0.688716], [0.790837, 0.508588, 0.340463], [-0.591149, 0.490701, 0.640121]], [[0.171468, -0.632813, 0.755081], [0.609716, -0.533857, -0.585869], [0.773851, 0.560843, 0.294297]], [[0.232365, -0.614745, 0.753721], [-0.243549, -0.787019, -0.566819], [0.941642, -0.051859, -0.332597]]], "btipPosition": [-82.035347, 226.252228, 91.176598], "carpPosition": [-120.398071, 225.561539, 96.604561], "dipPosition": [-70.928688, 225.640549, 87.253624], "direction": [-0.773851, -0.560843, -0.294297], "extended": false, "handId": 28, "id": 284, "length": 44.929916, "mcpPosition": [-76.08062, 250.844421, 112.525742], "pipPosition": [-57.469048, 235.395325, 92.372345], "timeVisible": 10.267144, "tipPosition": [-82.035347, 226.252228, 91.176598], "type": 4, "width": 14.218548}], "timestamp": 6556932063, "label": 7}, {"currentFrameRate": 115.342903, "devices": [], "hands": [{"armBasis": [[0.403966, -0.016861, 0.914619], [-0.732716, 0.592625, 0.334549], [-0.547667, -0.805302, 0.227046]], "armWidth": 57.128113, "confidence": 0.804196, "direction": [0.745444, 0.659354, 0.097804], "elbow": [-277.249542, 6.383523, 139.819931], "grabAngle": 3.141593, "grabStrength": 1.0, "id": 28, "palmNormal": [0.646113, -0.678677, -0.349192], "palmPosition": [-89.274063, 254.086304, 78.929092], "palmVelocity": [9.375122, -19.638142, -12.906192], "palmWidth": 83.871078, "pinchDistance": 43.814678, "pinchStrength": 0.0, "timeVisible": 10.362541, "type": "right", "wrist": [-140.948654, 206.803497, 83.313629]}], "id": 20361, "pointables": [{"bases": [[[-0.366502, 0.605515, 0.706419], [-0.711748, 0.306538, -0.63202], [-0.599242, -0.734429, 0.318627]], [[-0.140007, 0.905139, 0.401399], [-0.950552, -0.009369, -0.310424], [-0.277216, -0.425012, 0.861693]], [[-0.139221, 0.906301, 0.399044], [-0.944913, -0.001033, -0.327321], [-0.296239, -0.422632, 0.856519]], [[-0.143362, 0.898714, 0.41444], [-0.974634, -0.055487, -0.216818], [-0.171861, -0.435011, 0.883872]]], "btipPosition": [-102.237007, 260.75885, -22.777002], "carpPosition": [-126.140938, 222.3405, 55.134224], "dipPosition": [-104.961014, 253.863922, -8.767624], "direction": [0.296239, 0.422632, -0.856519], "extended": true, "handId": 28, "id": 280, "length": 45.916019, "mcpPosition": [-126.140938, 222.3405, 55.134224], "pipPosition": [-113.867737, 241.157074, 16.984482], "timeVisible": 10.362541, "tipPosition": [-102.237007, 260.75885, -22.777002], "type": 0, "width": 17.930977}, {"bases": [[[0.286699, -0.208196, 0.935125], [-0.534036, 0.775646, 0.336419], [-0.795367, -0.595842, 0.111193]], [[0.267608, -0.20633, 0.941177], [0.756872, 0.649494, -0.072819], [-0.596263, 0.731837, 0.329976]], [[0.238195, -0.393332, 0.888005], [0.544083, -0.70334, -0.457479], [0.80451, 0.592118, 0.046473]], [[0.148941, -0.421366, 0.894577], [-0.102341, -0.906378, -0.409885], [0.983536, -0.030503, -0.17812]]], "btipPosition": [-84.403976, 238.165436, 49.274773], "carpPosition": [-132.393921, 238.120087, 68.358818], "dipPosition": [-72.927673, 237.809509, 47.1964], "direction": [-0.80451, -0.592118, -0.046473], "extended": false, "handId": 28, "id": 281, "length": 52.277489, "mcpPosition": [-78.457199, 278.526276, 60.818439], "pipPosition": [-55.646175, 250.528656, 48.194683], "timeVisible": 10.362541, "tipPosition": [-84.403976, 238.165436, 49.274773], "type": 1, "width": 17.127668}, {"bases": [[[0.263417, -0.41594, 0.870405], [-0.495211, 0.716012, 0.49203], [-0.827875, -0.560643, -0.017368]], [[0.256098, -0.415344, 0.872871], [0.789069, 0.611423, 0.059427], [-0.558375, 0.673537, 0.484319]], [[0.247777, -0.45339, 0.85618], [0.503393, -0.694826, -0.513626], [0.827769, 0.55826, 0.056071]], [[0.228127, -0.458989, 0.858655], [-0.171362, -0.88707, -0.428651], [0.958433, -0.049354, -0.281017]]], "btipPosition": [-84.677673, 230.778091, 61.699673], "carpPosition": [-128.489395, 236.926239, 79.043945], "dipPosition": [-72.374214, 230.144531, 58.092236], "direction": [-0.827769, -0.55826, -0.056071], "extended": false, "handId": 28, "id": 282, "length": 59.445187, "mcpPosition": [-75.249184, 272.980896, 80.160881], "pipPosition": [-51.440872, 244.262283, 59.510208], "timeVisible": 10.362541, "tipPosition": [-84.677673, 230.778091, 61.699673], "type": 2, "width": 16.821648}, {"bases": [[[0.175294, -0.546694, 0.818778], [-0.501264, 0.666228, 0.552154], [-0.847353, -0.507213, -0.157252]], [[0.173098, -0.546497, 0.819376], [0.813611, 0.548181, 0.193739], [-0.555044, 0.633118, 0.539525]], [[0.179382, -0.518993, 0.835744], [0.537657, -0.65971, -0.525078], [0.823861, 0.543533, 0.1607]], [[0.196513, -0.514587, 0.834615], [-0.214576, -0.85315, -0.475492], [0.956734, -0.085648, -0.278073]]], "btipPosition": [-85.873405, 224.512436, 75.851952], "carpPosition": [-124.231194, 232.546432, 88.506592], "dipPosition": [-73.65918, 223.419006, 72.30191], "direction": [-0.823861, -0.543533, -0.1607], "extended": false, "handId": 28, "id": 283, "length": 57.161667, "mcpPosition": [-75.305786, 261.832489, 97.586205], "pipPosition": [-53.366341, 236.806992, 76.260185], "timeVisible": 10.362541, "tipPosition": [-85.873405, 224.512436, 75.851952], "type": 3, "width": 16.006863}, {"bases": [[[0.156442, -0.704239, 0.692512], [-0.540776, 0.525641, 0.656706], [-0.826491, -0.47723, -0.298604]], [[0.158801, -0.704262, 0.691952], [0.787671, 0.51293, 0.341288], [-0.595279, 0.490833, 0.63618]], [[0.170671, -0.632728, 0.755332], [0.614456, -0.530921, -0.583582], [0.77027, 0.563719, 0.29817]], [[0.228923, -0.615263, 0.754351], [-0.238803, -0.786745, -0.569214], [0.943699, -0.049835, -0.327031]]], "btipPosition": [-81.479637, 223.782379, 90.71006], "carpPosition": [-119.870071, 222.943878, 96.107521], "dipPosition": [-70.350319, 223.194656, 86.853287], "direction": [-0.77027, -0.563719, -0.29817], "extended": false, "handId": 28, "id": 284, "length": 44.925808, "mcpPosition": [-75.695358, 248.451126, 112.067451], "pipPosition": [-56.954403, 232.998398, 92.038826], "timeVisible": 10.362541, "tipPosition": [-81.479637, 223.782379, 90.71006], "type": 4, "width": 14.218548}], "timestamp": 6557027460, "label": 7}, {"currentFrameRate": 115.372215, "devices": [], "hands": [{"armBasis": [[0.419934, -0.023591, 0.907248], [-0.713174, 0.60967, 0.345957], [-0.561283, -0.792304, 0.239197]], "armWidth": 57.128113, "confidence": 0.804094, "direction": [0.74461, 0.66021, 0.09838], "elbow": [-280.158844, 8.411769, 143.024124], "grabAngle": 3.141593, "grabStrength": 1.0, "id": 28, "palmNormal": [0.645704, -0.675074, -0.35685], "palmPosition": [-88.746727, 252.851883, 79.010918], "palmVelocity": [8.451253, -10.534203, -8.989594], "palmWidth": 83.871078, "pinchDistance": 44.274872, "pinchStrength": 0.0, "timeVisible": 10.46659, "type": "right", "wrist": [-140.469177, 205.597, 83.493927]}], "id": 20373, "pointables": [{"bases": [[[-0.364159, 0.600148, 0.712187], [-0.715519, 0.309215, -0.626433], [-0.596171, -0.737705, 0.316814]], [[-0.138102, 0.904738, 0.402961], [-0.953651, -0.011644, -0.30069], [-0.267353, -0.42581, 0.864412]], [[-0.137202, 0.906111, 0.400174], [-0.947391, -0.002096, -0.320072], [-0.289182, -0.423036, 0.858728]], [[-0.141051, 0.899016, 0.414578], [-0.974195, -0.051509, -0.21975], [-0.176204, -0.434876, 0.883083]]], "btipPosition": [-102.355392, 259.622894, -22.673109], "carpPosition": [-125.656052, 221.198868, 55.331898], "dipPosition": [-105.143555, 252.741653, -8.699683], "direction": [0.289182, 0.423036, -0.858728], "extended": true, "handId": 28, "id": 280, "length": 45.849426, "mcpPosition": [-125.656052, 221.198868, 55.331898], "pipPosition": [-113.826523, 240.039597, 17.084467], "timeVisible": 10.46659, "tipPosition": [-102.355392, 259.622894, -22.673109], "type": 0, "width": 17.930977}, {"bases": [[[0.291802, -0.213714, 0.932297], [-0.533886, 0.772351, 0.344151], [-0.79361, -0.598165, 0.111274]], [[0.273829, -0.212056, 0.93811], [0.753372, 0.653624, -0.072156], [-0.59787, 0.726504, 0.338739]], [[0.246983, -0.384554, 0.889448], [0.541727, -0.706256, -0.455778], [0.80345, 0.594407, 0.033891]], [[0.164241, -0.410517, 0.89694], [-0.111398, -0.91119, -0.39664], [0.98011, -0.034773, -0.195385]]], "btipPosition": [-83.907974, 237.324539, 49.607891], "carpPosition": [-131.909882, 236.913101, 68.561043], "dipPosition": [-72.475998, 236.918945, 47.328922], "direction": [-0.80345, -0.594407, -0.033891], "extended": false, "handId": 28, "id": 281, "length": 52.26759, "mcpPosition": [-78.0923, 277.476807, 61.015129], "pipPosition": [-55.220924, 249.68457, 48.056763], "timeVisible": 10.46659, "tipPosition": [-83.907974, 237.324539, 49.607891], "type": 1, "width": 17.127668}, {"bases": [[[0.26861, -0.421078, 0.866338], [-0.494162, 0.711781, 0.499172], [-0.826833, -0.562194, -0.016889]], [[0.262035, -0.420598, 0.868582], [0.783174, 0.618576, 0.063267], [-0.563894, 0.663673, 0.49149]], [[0.255502, -0.451313, 0.855006], [0.504374, -0.692256, -0.516128], [0.824819, 0.563114, 0.050757]], [[0.239088, -0.455887, 0.857324], [-0.196017, -0.887414, -0.417222], [0.951007, -0.068297, -0.301531]]], "btipPosition": [-83.775505, 230.102264, 61.925022], "carpPosition": [-127.910706, 235.589127, 79.193634], "dipPosition": [-71.569473, 229.225677, 58.054916], "direction": [-0.824819, -0.563114, -0.050757], "extended": false, "handId": 28, "id": 282, "length": 59.427017, "mcpPosition": [-74.737518, 271.7435, 80.279785], "pipPosition": [-50.711239, 243.465866, 59.338474], "timeVisible": 10.46659, "tipPosition": [-83.775505, 230.102264, 61.925022], "type": 2, "width": 16.821648}, {"bases": [[[0.180489, -0.551671, 0.814299], [-0.499814, 0.661593, 0.558999], [-0.847118, -0.507891, -0.156322]], [[0.179335, -0.551574, 0.814619], [0.810286, 0.552409, 0.195653], [-0.557921, 0.624988, 0.545999]], [[0.187114, -0.517451, 0.835005], [0.533897, -0.659946, -0.528607], [0.824586, 0.544716, 0.15278]], [[0.208463, -0.511979, 0.833319], [-0.224535, -0.854333, -0.46872], [0.951907, -0.089398, -0.293054]]], "btipPosition": [-85.109184, 223.513046, 76.03907], "carpPosition": [-123.6008, 231.149704, 88.602676], "dipPosition": [-72.959976, 222.372055, 72.298813], "direction": [-0.824586, -0.544716, -0.15278], "extended": false, "handId": 28, "id": 283, "length": 57.142143, "mcpPosition": [-74.688911, 260.474915, 97.628578], "pipPosition": [-52.6511, 235.787964, 76.061661], "timeVisible": 10.46659, "tipPosition": [-85.109184, 223.513046, 76.03907], "type": 3, "width": 16.006863}, {"bases": [[[0.161317, -0.708426, 0.687102], [-0.538521, 0.520247, 0.662826], [-0.827026, -0.476944, -0.297577]], [[0.164482, -0.708439, 0.686337], [0.785959, 0.514561, 0.342775], [-0.595998, 0.483053, 0.641441]], [[0.17608, -0.636108, 0.751241], [0.619879, -0.521192, -0.586607], [0.764686, 0.568968, 0.302539]], [[0.236607, -0.617804, 0.74989], [-0.250778, -0.784485, -0.56718], [0.938684, -0.053858, -0.340546]]], "btipPosition": [-80.618126, 222.562958, 90.628044], "carpPosition": [-119.218597, 221.536102, 96.16095], "dipPosition": [-69.550026, 221.927917, 86.612633], "direction": [-0.764686, -0.568968, -0.302539], "extended": false, "handId": 28, "id": 284, "length": 44.919788, "mcpPosition": [-75.015282, 247.028076, 112.06601], "pipPosition": [-56.253174, 231.821503, 91.873367], "timeVisible": 10.46659, "tipPosition": [-80.618126, 222.562958, 90.628044], "type": 4, "width": 14.218548}], "timestamp": 6557131509, "label": 7}], [{"currentFrameRate": 115.319641, "devices": [], "hands": [{"armBasis": [[0.387185, -0.011807, 0.921926], [-0.727388, 0.610531, 0.313303], [-0.566564, -0.791905, 0.2278]], "armWidth": 57.128113, "confidence": 0.781332, "direction": [0.708008, 0.695703, 0.121333], "elbow": [-280.607147, 2.629439, 139.060425], "grabAngle": 3.141593, "grabStrength": 1.0, "id": 28, "palmNormal": [0.69135, -0.647755, -0.320078], "palmPosition": [-89.686409, 249.043381, 79.448975], "palmVelocity": [-5.3264, 2.896859, -1.178995], "palmWidth": 83.871078, "pinchDistance": 45.180771, "pinchStrength": 0.0, "timeVisible": 11.567957, "type": "right", "wrist": [-139.603302, 199.715164, 82.366554]}], "id": 20500, "pointables": [{"bases": [[[-0.422227, 0.590179, 0.68805], [-0.70145, 0.268066, -0.660385], [-0.574188, -0.761465, 0.300797]], [[-0.214714, 0.89056, 0.401], [-0.941062, -0.078779, -0.328933], [-0.261344, -0.447992, 0.854987]], [[-0.214977, 0.890104, 0.401871], [-0.942869, -0.08192, -0.322934], [-0.254524, -0.448335, 0.856862]], [[-0.219439, 0.87745, 0.42653], [-0.973663, -0.169242, -0.152764], [-0.061855, -0.448819, 0.891479]]], "btipPosition": [-103.9179, 255.662521, -22.905468], "carpPosition": [-124.077675, 215.332214, 54.652172], "dipPosition": [-104.894485, 248.576477, -8.830626], "direction": [0.254524, 0.448335, -0.856862], "extended": true, "handId": 28, "id": 280, "length": 45.760834, "mcpPosition": [-124.077675, 215.332214, 54.652172], "pipPosition": [-112.523239, 235.138687, 16.851809], "timeVisible": 11.567957, "tipPosition": [-103.9179, 255.662521, -22.905468], "type": 0, "width": 17.930977}, {"bases": [[[0.260916, -0.189283, 0.946623], [-0.583754, 0.750058, 0.310877], [-0.768866, -0.633708, 0.085207]], [[0.238593, -0.188387, 0.952672], [0.714997, 0.697921, -0.041058], [-0.657155, 0.690954, 0.301215]], [[0.222564, -0.377158, 0.899009], [0.598402, -0.675145, -0.431385], [0.769662, 0.63398, 0.07543]], [[0.120325, -0.409165, 0.904492], [-0.146783, -0.90843, -0.39142], [0.981823, -0.085666, -0.169365]]], "btipPosition": [-82.321404, 234.991348, 50.45433], "carpPosition": [-131.618149, 231.061935, 67.398636], "dipPosition": [-70.870728, 233.992249, 48.47908], "direction": [-0.769662, -0.63398, -0.07543], "extended": false, "handId": 28, "id": 281, "length": 52.262596, "mcpPosition": [-79.478592, 274.03595, 61.620449], "pipPosition": [-54.342335, 247.606873, 50.098919], "timeVisible": 11.567957, "tipPosition": [-82.321404, 234.991348, 50.45433], "type": 1, "width": 17.127668}, {"bases": [[[0.250307, -0.398234, 0.882472], [-0.547978, 0.693164, 0.468235], [-0.798164, -0.600778, -0.044719]], [[0.243956, -0.398057, 0.884328], [0.748536, 0.657059, 0.089262], [-0.616587, 0.640175, 0.458254]], [[0.239224, -0.429174, 0.870966], [0.544712, -0.683239, -0.486284], [0.803779, 0.590757, 0.070329]], [[0.222313, -0.43416, 0.872973], [-0.183637, -0.898, -0.399842], [0.957525, -0.071419, -0.279365]]], "btipPosition": [-82.96682, 227.291824, 63.352856], "carpPosition": [-127.916962, 229.910858, 78.165329], "dipPosition": [-70.683289, 226.375626, 59.769043], "direction": [-0.803779, -0.590757, -0.070329], "extended": false, "handId": 28, "id": 282, "length": 59.384811, "mcpPosition": [-76.587448, 268.546539, 81.041191], "pipPosition": [-50.358318, 241.313965, 61.547436], "timeVisible": 11.567957, "tipPosition": [-82.96682, 227.291824, 63.352856], "type": 2, "width": 16.821648}, {"bases": [[[0.170715, -0.533415, 0.828447], [-0.553859, 0.643436, 0.528423], [-0.814921, -0.549052, -0.185593]], [[0.16964, -0.533377, 0.828693], [0.771074, 0.595501, 0.225441], [-0.613733, 0.600739, 0.512293]], [[0.174579, -0.501932, 0.847105], [0.576115, -0.645613, -0.501274], [0.798507, 0.575542, 0.17646]], [[0.193524, -0.496339, 0.846284], [-0.171755, -0.866409, -0.468867], [0.965944, -0.054617, -0.252919]]], "btipPosition": [-84.544548, 220.31665, 77.200653], "carpPosition": [-123.821999, 225.781235, 87.807739], "dipPosition": [-72.226013, 219.620132, 73.975212], "direction": [-0.798507, -0.575542, -0.17646], "extended": false, "handId": 28, "id": 283, "length": 57.093948, "mcpPosition": [-76.769135, 257.483032, 98.523712], "pipPosition": [-52.564949, 233.791275, 78.320061], "timeVisible": 11.567957, "tipPosition": [-84.544548, 220.31665, 77.200653], "type": 3, "width": 16.006863}, {"bases": [[[0.1644, -0.69231, 0.702624], [-0.59037, 0.501585, 0.632357], [-0.790213, -0.518767, -0.326258]], [[0.167918, -0.692119, 0.701979], [0.71981, 0.572624, 0.392397], [-0.673555, 0.439401, 0.594348]], [[0.168826, -0.645018, 0.745285], [0.700033, -0.453833, -0.551352], [0.693867, 0.614806, 0.374915]], [[0.210658, -0.630378, 0.747159], [-0.218584, -0.775333, -0.592519], [0.952809, -0.038499, -0.301121]]], "btipPosition": [-79.275406, 220.206314, 91.536247], "carpPosition": [-119.41478, 216.542847, 95.772324], "dipPosition": [-68.043175, 219.752472, 87.986473], "direction": [-0.693867, -0.614806, -0.374915], "extended": false, "handId": 28, "id": 284, "length": 44.910133, "mcpPosition": [-77.179085, 244.270203, 113.210342], "pipPosition": [-55.980247, 230.440918, 94.504395], "timeVisible": 11.567957, "tipPosition": [-79.275406, 220.206314, 91.536247], "type": 4, "width": 14.218548}], "timestamp": 6558232876, "label": 7}, {"currentFrameRate": 115.310608, "devices": [], "hands": [{"armBasis": [[0.385779, -0.011737, 0.922517], [-0.729788, 0.607859, 0.312917], [-0.564433, -0.793958, 0.225934]], "armWidth": 57.128113, "confidence": 0.781343, "direction": [0.71054, 0.693138, 0.121213], "elbow": [-280.136536, 2.111785, 138.715454], "grabAngle": 3.141593, "grabStrength": 1.0, "id": 28, "palmNormal": [0.688876, -0.650094, -0.320667], "palmPosition": [-89.619995, 248.902252, 79.579155], "palmVelocity": [7.048791, -9.615362, -1.058575], "palmWidth": 83.871078, "pinchDistance": 45.223011, "pinchStrength": 0.0, "timeVisible": 11.663359, "type": "right", "wrist": [-139.662964, 199.708603, 82.486115]}], "id": 20511, "pointables": [{"bases": [[[-0.41977, 0.59143, 0.688479], [-0.700834, 0.270795, -0.659925], [-0.576736, -0.759527, 0.300823]], [[-0.212568, 0.8905, 0.402276], [-0.941882, -0.077126, -0.326972], [-0.260142, -0.4484, 0.85514]], [[-0.212749, 0.890184, 0.402878], [-0.943128, -0.079295, -0.322833], [-0.255435, -0.448648, 0.856427]], [[-0.217209, 0.877772, 0.427009], [-0.973795, -0.164649, -0.156888], [-0.067405, -0.449897, 0.890533]]], "btipPosition": [-103.92469, 255.692368, -22.761139], "carpPosition": [-124.1465, 215.317215, 54.776142], "dipPosition": [-104.988899, 248.589264, -8.701147], "direction": [0.255435, 0.448648, -0.856427], "extended": true, "handId": 28, "id": 280, "length": 45.761349, "mcpPosition": [-124.1465, 215.317215, 54.776142], "pipPosition": [-112.645065, 235.141907, 16.968603], "timeVisible": 11.663359, "tipPosition": [-103.92469, 255.692368, -22.761139], "type": 0, "width": 17.930977}, {"bases": [[[0.26073, -0.190548, 0.94642], [-0.580922, 0.752017, 0.311447], [-0.77107, -0.631, 0.08538]], [[0.238885, -0.189577, 0.952363], [0.718497, 0.694259, -0.042024], [-0.653219, 0.694309, 0.302059]], [[0.221959, -0.377063, 0.899199], [0.594558, -0.67858, -0.431312], [0.77281, 0.630359, 0.073569]], [[0.121632, -0.408495, 0.90462], [-0.14157, -0.909209, -0.391532], [0.982427, -0.080445, -0.16842]]], "btipPosition": [-82.398674, 234.709427, 50.585407], "carpPosition": [-131.621658, 231.074509, 67.544891], "dipPosition": [-70.942024, 233.771317, 48.621368], "direction": [-0.77281, -0.630359, -0.073569], "extended": false, "handId": 28, "id": 281, "length": 52.260433, "mcpPosition": [-79.332603, 273.864929, 61.754963], "pipPosition": [-54.34687, 247.30751, 50.201164], "timeVisible": 11.663359, "tipPosition": [-82.398674, 234.709427, 50.585407], "type": 1, "width": 17.127668}, {"bases": [[[0.249346, -0.399437, 0.8822], [-0.545267, 0.69494, 0.468766], [-0.800319, -0.59792, -0.044519]], [[0.24271, -0.399227, 0.884143], [0.751229, 0.654002, 0.089086], [-0.613797, 0.642572, 0.458644]], [[0.237352, -0.433354, 0.869407], [0.541115, -0.684293, -0.488811], [0.806758, 0.58647, 0.072076]], [[0.218745, -0.438736, 0.871585], [-0.188593, -0.895385, -0.403384], [0.957384, -0.076137, -0.278604]]], "btipPosition": [-83.021835, 227.170746, 63.412888], "carpPosition": [-127.918152, 229.906387, 78.308632], "dipPosition": [-70.740158, 226.194031, 59.838856], "direction": [-0.806758, -0.58647, -0.072076], "extended": false, "handId": 28, "id": 282, "length": 59.384605, "mcpPosition": [-76.450089, 268.358276, 81.171631], "pipPosition": [-50.339851, 241.023972, 61.661419], "timeVisible": 11.663359, "tipPosition": [-83.021835, 227.170746, 63.412888], "type": 2, "width": 16.821648}, {"bases": [[[0.169245, -0.534316, 0.828168], [-0.551294, 0.645212, 0.528939], [-0.816965, -0.546085, -0.185366]], [[0.16803, -0.534268, 0.828447], [0.773022, 0.592915, 0.225584], [-0.611721, 0.602503, 0.512628]], [[0.172827, -0.504513, 0.84593], [0.573136, -0.646964, -0.502944], [0.801028, 0.571755, 0.177342]], [[0.190887, -0.499301, 0.845139], [-0.179665, -0.864198, -0.469981], [0.96503, -0.062128, -0.254671]]], "btipPosition": [-84.568268, 220.242279, 77.315071], "carpPosition": [-123.832886, 225.758987, 87.947769], "dipPosition": [-72.260925, 219.449936, 74.067169], "direction": [-0.801028, -0.571755, -0.177342], "extended": false, "handId": 28, "id": 283, "length": 57.09499, "mcpPosition": [-76.662048, 257.289429, 98.650627], "pipPosition": [-52.537292, 233.528214, 78.433838], "timeVisible": 11.663359, "tipPosition": [-84.568268, 220.242279, 77.315071], "type": 3, "width": 16.006863}, {"bases": [[[0.162301, -0.693141, 0.702292], [-0.588255, 0.503455, 0.632842], [-0.792221, -0.515837, -0.326033]], [[0.165332, -0.692986, 0.701738], [0.720808, 0.57054, 0.393599], [-0.673128, 0.440744, 0.593838]], [[0.166264, -0.649658, 0.741823], [0.698791, -0.45316, -0.553478], [0.695736, 0.610402, 0.378631]], [[0.204917, -0.636342, 0.743692], [-0.221692, -0.770244, -0.597977], [0.953342, -0.042335, -0.298909]]], "btipPosition": [-79.260353, 220.089676, 91.584846], "carpPosition": [-119.454781, 216.503204, 95.907478], "dipPosition": [-68.021835, 219.590607, 88.06115], "direction": [-0.695736, -0.610402, -0.378631], "extended": false, "handId": 28, "id": 284, "length": 44.910023, "mcpPosition": [-77.111732, 244.073944, 113.333458], "pipPosition": [-55.926449, 230.202469, 94.643654], "timeVisible": 11.663359, "tipPosition": [-79.260353, 220.089676, 91.584846], "type": 4, "width": 14.218548}], "timestamp": 6558328278, "label": 7}, {"currentFrameRate": 115.352219, "devices": [], "hands": [{"armBasis": [[0.386636, -0.007935, 0.922198], [-0.729468, 0.609187, 0.311075], [-0.56426, -0.792987, 0.229746]], "armWidth": 57.128113, "confidence": 0.78142, "direction": [0.714864, 0.688735, 0.120888], "elbow": [-280.152405, 1.980359, 139.397659], "grabAngle": 3.141593, "grabStrength": 1.0, "id": 28, "palmNormal": [0.684922, -0.654825, -0.319509], "palmPosition": [-89.411819, 248.244278, 79.255272], "palmVelocity": [7.323754, -1.734765, -21.561628], "palmWidth": 83.871078, "pinchDistance": 45.402088, "pinchStrength": 0.0, "timeVisible": 11.7674, "type": "right", "wrist": [-139.72197, 199.335419, 82.219536]}], "id": 20523, "pointables": [{"bases": [[[-0.416423, 0.59486, 0.687556], [-0.698685, 0.274513, -0.660668], [-0.581748, -0.755502, 0.301307]], [[-0.212172, 0.888685, 0.406475], [-0.942637, -0.076422, -0.324954], [-0.257719, -0.452105, 0.853922]], [[-0.212192, 0.888649, 0.406544], [-0.94278, -0.076673, -0.32448], [-0.257178, -0.452133, 0.854069]], [[-0.21659, 0.876752, 0.429411], [-0.973162, -0.158867, -0.166483], [-0.077745, -0.453946, 0.887631]]], "btipPosition": [-103.836784, 255.509064, -22.870974], "carpPosition": [-124.158615, 214.820297, 54.460472], "dipPosition": [-105.063286, 248.347672, -8.867806], "direction": [0.257178, 0.452133, -0.854069], "extended": true, "handId": 28, "id": 280, "length": 45.73122, "mcpPosition": [-124.158615, 214.820297, 54.460472], "pipPosition": [-112.767151, 234.803864, 16.716131], "timeVisible": 11.7674, "tipPosition": [-103.836784, 255.509064, -22.870974], "type": 0, "width": 17.930977}, {"bases": [[[0.258923, -0.191146, 0.946796], [-0.576316, 0.756048, 0.310243], [-0.775125, -0.625982, 0.085598]], [[0.237885, -0.190059, 0.952517], [0.723552, 0.688914, -0.043241], [-0.647984, 0.699482, 0.3014]], [[0.219768, -0.373185, 0.901352], [0.587425, -0.687039, -0.427679], [0.778867, 0.623467, 0.068229]], [[0.122204, -0.402948, 0.907027], [-0.147146, -0.911133, -0.384947], [0.981537, -0.086423, -0.170636]]], "btipPosition": [-82.34964, 234.015945, 50.413368], "carpPosition": [-131.532898, 230.698792, 67.221916], "dipPosition": [-70.90667, 233.008408, 48.424053], "direction": [-0.778867, -0.623467, -0.068229], "extended": false, "handId": 28, "id": 281, "length": 52.253059, "mcpPosition": [-78.968857, 273.148926, 61.417202], "pipPosition": [-54.184124, 246.394455, 49.888958], "timeVisible": 11.7674, "tipPosition": [-82.34964, 234.015945, 50.413368], "type": 1, "width": 17.127668}, {"bases": [[[0.246249, -0.400029, 0.882801], [-0.541123, 0.698922, 0.467648], [-0.804082, -0.592862, -0.044356]], [[0.239189, -0.399756, 0.884864], [0.755836, 0.648717, 0.08876], [-0.609509, 0.647581, 0.457316]], [[0.23248, -0.439741, 0.867514], [0.531241, -0.689733, -0.491988], [0.8147, 0.575236, 0.073259]], [[0.210471, -0.445733, 0.870071], [-0.205424, -0.890301, -0.406405], [0.955773, -0.093197, -0.278947]]], "btipPosition": [-83.046295, 226.721542, 63.10841], "carpPosition": [-127.812279, 229.479263, 77.974937], "dipPosition": [-70.787453, 225.526184, 59.530609], "direction": [-0.8147, -0.575236, -0.073259], "extended": false, "handId": 28, "id": 282, "length": 59.371517, "mcpPosition": [-76.102211, 267.605865, 80.8274