[[{"currentFrameRate": 115.340813, "devices": [], "hands": [{"armBasis": [[0.832159, -0.189148, 0.521281], [-0.22092, 0.749132, 0.624496], [-0.508631, -0.634841, 0.581611]], "armWidth": 57.281559, "confidence": 0.690004, "direction": [0.496343, -0.037446, -0.867318], "elbow": [-276.615295, 98.944397, 212.379944], "grabAngle": 2.883585, "grabStrength": 0.0, "id": 32, "palmNormal": [-0.158439, -0.986197, -0.048092], "palmPosition": [-125.049744, 254.72023, 10.416138], "palmVelocity": [-1.905508, 1.776512, -0.824369], "palmWidth": 81.796127, "pinchDistance": 63.303135, "pinchStrength": 1.0, "timeVisible": 4.795555, "type": "right", "wrist": [-153.161194, 253.03212, 71.212242]}], "id": 36937, "pointables": [{"bases": [[[0.924766, -0.165285, 0.342767], [0.20801, 0.973827, -0.091611], [-0.318654, 0.156018, 0.934943]], [[0.929841, -0.169403, 0.326648], [0.257607, 0.933577, -0.249144], [-0.262745, 0.315811, 0.911717]], [[0.929359, -0.168456, 0.328502], [0.320559, 0.809596, -0.491728], [-0.18312, 0.562296, 0.806406]], [[0.929303, -0.168226, 0.328779], [0.347283, 0.700945, -0.622953], [-0.125659, 0.693091, 0.709813]]], "btipPosition": [-118.560287, 230.368515, -75.712105], "carpPosition": [-154.176163, 270.91864, 42.98378], "dipPosition": [-119.927223, 237.908051, -67.990669], "direction": [0.18312, -0.562296, -0.806406], "extended": true, "handId": 32, "id": 321, "length": 49.004349, "mcpPosition": [-133.101669, 260.60025, -18.849527], "pipPosition": [-123.596626, 249.175507, -51.83168], "timeVisible": 4.795555, "tipPosition": [-118.560287, 230.368515, -75.712105], "type": 1, "width": 17.388351}, {"bases": [[[0.582029, 0.809873, 0.073131], [-0.809778, 0.585458, -0.038724], [-0.074176, -0.036681, 0.99657]], [[0.608135, 0.707719, -0.35959], [-0.792882, 0.519345, -0.318777], [-0.038854, 0.478972, 0.87697]], [[0.584507, 0.745312, -0.32072], [-0.441866, -0.039129, -0.896227], [-0.680518, 0.665566, 0.306457]], [[0.52936, 0.780842, -0.331759], [0.377375, -0.566942, -0.732233], [-0.759846, 0.262417, -0.594787]]], "btipPosition": [-130.961716, 209.675491, 6.317698], "carpPosition": [-164.787384, 254.457947, 44.354198], "dipPosition": [-142.879761, 213.791458, -3.011431], "direction": [0.680518, -0.665567, -0.306457], "extended": false, "handId": 32, "id": 320, "length": 45.386257, "mcpPosition": [-164.787384, 254.457947, 44.354198], "pipPosition": [-163.092133, 233.559738, 6.090787], "timeVisible": 4.795555, "tipPosition": [-130.961716, 209.675491, 6.317698], "type": 0, "width": 18.203886}, {"bases": [[[0.824111, -0.306262, 0.476492], [0.354311, 0.935053, -0.011795], [-0.441933, 0.178546, 0.8791]], [[0.830229, -0.338809, 0.442638], [0.506339, 0.1263, -0.853035], [0.233111, 0.93234, 0.27641]], [[0.891033, -0.238926, 0.385972], [-0.154399, -0.959096, -0.237266], [0.426874, 0.151819, -0.891476]], [[0.913911, -0.276005, 0.297637], [-0.404319, -0.554037, 0.727715], [-0.035951, -0.785407, -0.617934]]], "btipPosition": [-135.356674, 225.597687, 8.290268], "carpPosition": [-143.189453, 269.509552, 44.954292], "dipPosition": [-135.811066, 215.670761, 0.480071], "direction": [-0.426874, -0.151819, 0.891476], "extended": false, "handId": 32, "id": 322, "length": 58.364418, "mcpPosition": [-115.472107, 258.311401, -10.181489], "pipPosition": [-125.188896, 219.448563, -21.703108], "timeVisible": 4.795555, "tipPosition": [-135.356674, 225.597687, 8.290268], "type": 2, "width": 17.077671}, {"bases": [[[0.721024, -0.346261, 0.600189], [0.398016, 0.915998, 0.050308], [-0.567192, 0.202612, 0.798274]], [[0.724768, -0.361925, 0.586278], [0.622154, -0.021824, -0.782591], [0.296034, 0.931952, 0.209355]], [[0.779538, -0.299925, 0.549877], [-0.198646, -0.950964, -0.237081], [0.59402, 0.075583, -0.800892]], [[0.797465, -0.306141, 0.51993], [-0.46821, -0.857503, 0.213231], [0.380563, -0.413481, -0.827167]]], "btipPosition": [-132.464417, 221.292648, 25.655596], "carpPosition": [-133.917267, 265.357391, 49.08651], "dipPosition": [-127.726135, 216.144516, 15.35677], "direction": [-0.59402, -0.075583, 0.800892], "extended": false, "handId": 32, "id": 323, "length": 55.859226, "mcpPosition": [-101.978302, 253.948196, 4.135137], "pipPosition": [-113.407906, 217.96637, -3.947888], "timeVisible": 4.795555, "tipPosition": [-132.464417, 221.292648, 25.655596], "type": 3, "width": 16.250486}, {"bases": [[[0.57479, -0.467041, 0.671929], [0.453633, 0.865268, 0.213374], [-0.681053, 0.182163, 0.709213]], [[0.58104, -0.488158, 0.651225], [0.725249, -0.052551, -0.686478], [0.369333, 0.871172, 0.323502]], [[0.687845, -0.378134, 0.619584], [-0.088626, -0.890953, -0.445362], [0.720427, 0.251429, -0.64635]], [[0.747569, -0.387729, 0.539265], [-0.549716, -0.816873, 0.174728], [0.372764, -0.427064, -0.82381]]], "btipPosition": [-119.169594, 221.979965, 29.680803], "carpPosition": [-126.670891, 257.781616, 56.141132], "dipPosition": [-114.867188, 217.050827, 20.172464], "direction": [-0.720427, -0.251429, 0.64635], "extended": false, "handId": 32, "id": 324, "length": 44.043312, "mcpPosition": [-91.170166, 248.286133, 19.172541], "pipPosition": [-102.596855, 221.333176, 9.163803], "timeVisible": 4.795555, "tipPosition": [-119.169594, 221.979965, 29.680803], "type": 4, "width": 14.434953}], "timestamp": 694634355, "label": 1}, {"currentFrameRate": 115.331703, "devices": [], "hands": [{"armBasis": [[0.832693, -0.191518, 0.51956], [-0.218109, 0.748993, 0.62565], [-0.50897, -0.634295, 0.58191]], "armWidth": 57.281559, "confidence": 0.685668, "direction": [0.495937, -0.034165, -0.867686], "elbow": [-277.014282, 99.218597, 212.637512], "grabAngle": 2.890556, "grabStrength": 0.0, "id": 32, "palmNormal": [-0.159515, -0.985806, -0.052357], "palmPosition": [-125.398857, 255.067764, 10.578249], "palmVelocity": [-3.605279, 7.410527, 3.383182], "palmWidth": 81.796127, "pinchDistance": 63.542114, "pinchStrength": 1.0, "timeVisible": 4.890955, "type": "right", "wrist": [-153.477814, 253.173767, 71.397278]}], "id": 36948, "pointables": [{"bases": [[[0.924733, -0.167777, 0.341644], [0.209013, 0.973998, -0.087421], [-0.318093, 0.152249, 0.935755]], [[0.929317, -0.171439, 0.327075], [0.258629, 0.934369, -0.245084], [-0.263592, 0.312351, 0.912664]], [[0.928871, -0.170532, 0.328811], [0.326458, 0.796308, -0.509233], [-0.174995, 0.580356, 0.795339]], [[0.928819, -0.170291, 0.329085], [0.353637, 0.67255, -0.65009], [-0.110621, 0.720193, 0.684898]]], "btipPosition": [-119.202194, 230.295319, -75.108414], "carpPosition": [-154.494553, 271.15152, 43.221596], "dipPosition": [-120.406662, 238.136917, -67.651108], "direction": [0.174995, -0.580356, -0.795339], "extended": true, "handId": 32, "id": 321, "length": 49.042282, "mcpPosition": [-133.457184, 261.082428, -18.665424], "pipPosition": [-123.916458, 249.776855, -51.699337], "timeVisible": 4.890955, "tipPosition": [-119.202194, 230.295319, -75.108414], "type": 1, "width": 17.388351}, {"bases": [[[0.582927, 0.808921, 0.07644], [-0.809167, 0.586487, -0.035806], [-0.073795, -0.04098, 0.996431]], [[0.610597, 0.707684, -0.355464], [-0.790595, 0.518537, -0.325699], [-0.046171, 0.479899, 0.876108]], [[0.5858, 0.746563, -0.315408], [-0.435436, -0.03831, -0.899404], [-0.683545, 0.664211, 0.302638]], [[0.528795, 0.783221, -0.327019], [0.38105, -0.563358, -0.733096], [-0.758405, 0.263046, -0.596347]]], "btipPosition": [-130.929932, 209.909607, 6.670201], "carpPosition": [-165.140747, 254.700943, 44.530975], "dipPosition": [-142.824722, 214.035217, -2.682878], "direction": [0.683545, -0.664211, -0.302638], "extended": false, "handId": 32, "id": 320, "length": 45.384357, "mcpPosition": [-165.140747, 254.700943, 44.530975], "pipPosition": [-163.126282, 233.762543, 6.305597], "timeVisible": 4.890955, "tipPosition": [-130.929932, 209.909607, 6.670201], "type": 0, "width": 18.203886}, {"bases": [[[0.823984, -0.309233, 0.47479], [0.355307, 0.934717, -0.007838], [-0.441371, 0.175154, 0.880064]], [[0.830406, -0.342567, 0.439402], [0.508062, 0.141871, -0.849556], [0.228691, 0.92872, 0.291856]], [[0.890496, -0.242046, 0.385268], [-0.14736, -0.954545, -0.259093], [0.430468, 0.173948, -0.885686]], [[0.913979, -0.27709, 0.296418], [-0.404729, -0.570476, 0.714669], [-0.028928, -0.773161, -0.63355]]], "btipPosition": [-135.7052, 225.472351, 7.876112], "carpPosition": [-143.510162, 269.724274, 45.192989], "dipPosition": [-136.070816, 215.700516, -0.131202], "direction": [-0.430468, -0.173948, 0.885686], "extended": false, "handId": 32, "id": 322, "length": 58.360764, "mcpPosition": [-115.828064, 258.738861, -10.003267], "pipPosition": [-125.360222, 220.028564, -22.1682], "timeVisible": 4.890955, "tipPosition": [-135.7052, 225.472351, 7.876112], "type": 2, "width": 17.077671}, {"bases": [[[0.720906, -0.349665, 0.598355], [0.399018, 0.915342, 0.054163], [-0.566638, 0.199708, 0.799399]], [[0.724561, -0.365004, 0.584623], [0.621776, -0.019763, -0.782945], [0.297332, 0.930796, 0.212631]], [[0.778801, -0.303493, 0.548963], [-0.197945, -0.949352, -0.244028], [0.59522, 0.081384, -0.799431]], [[0.796571, -0.309383, 0.519381], [-0.467422, -0.860038, 0.204577], [0.383395, -0.40573, -0.829693]]], "btipPosition": [-132.925613, 221.454727, 25.671453], "carpPosition": [-134.235657, 265.546234, 49.298759], "dipPosition": [-128.152618, 216.403671, 15.34236], "direction": [-0.59522, -0.081384, 0.799431], "extended": false, "handId": 32, "id": 323, "length": 55.854229, "mcpPosition": [-102.327873, 254.300537, 4.284082], "pipPosition": [-113.807007, 218.365143, -3.925012], "timeVisible": 4.890955, "tipPosition": [-132.925613, 221.454727, 25.671453], "type": 3, "width": 16.250486}, {"bases": [[[0.574574, -0.470603, 0.669625], [0.454648, 0.863837, 0.21698], [-0.680559, 0.179773, 0.710297]], [[0.580566, -0.490937, 0.649557], [0.724613, -0.052288, -0.687169], [0.371321, 0.869625, 0.325382]], [[0.685917, -0.382961, 0.618756], [-0.091829, -0.889069, -0.448467], [0.721862, 0.250792, -0.644995]], [[0.74481, -0.392478, 0.539648], [-0.554123, -0.814362, 0.172515], [0.371761, -0.427522, -0.824026]]], "btipPosition": [-119.593689, 222.319122, 29.720112], "carpPosition": [-126.994484, 257.932312, 56.315414], "dipPosition": [-115.302773, 217.384598, 20.209084], "direction": [-0.721862, -0.250792, 0.644995], "extended": false, "handId": 32, "id": 324, "length": 44.043903, "mcpPosition": [-91.519531, 248.561417, 19.290331], "pipPosition": [-103.007805, 221.656158, 9.223346], "timeVisible": 4.890955, "tipPosition": [-119.593689, 222.319122, 29.720112], "type": 4, "width": 14.434953}], "timestamp": 694729755, "label": 1}, {"currentFrameRate": 115.328598, "devices": [], "hands": [{"armBasis": [[0.835821, -0.188127, 0.515762], [-0.2215, 0.744043, 0.630347], [-0.502335, -0.641099, 0.580217]], "armWidth": 57.281559, "confidence": 0.680141, "direction": [0.495065, -0.034854, -0.868157], "elbow": [-275.543793, 98.579338, 212.329895], "grabAngle": 2.88552, "grabStrength": 0.0, "id": 32, "palmNormal": [-0.159524, -0.985856, -0.051389], "palmPosition": [-125.646141, 256.117157, 10.655659], "palmVelocity": [-3.052416, 5.135098, -0.609494], "palmWidth": 81.796127, "pinchDistance": 63.508904, "pinchStrength": 1.0, "timeVisible": 4.995031, "type": "right", "wrist": [-153.617844, 254.185867, 71.500473]}], "id": 36960, "pointables": [{"bases": [[[0.925083, -0.167458, 0.34085], [0.208883, 0.973935, -0.088428], [-0.317157, 0.153001, 0.93595]], [[0.929214, -0.170819, 0.327693], [0.260025, 0.932318, -0.251336], [-0.262581, 0.318753, 0.91074]], [[0.928789, -0.169939, 0.329352], [0.327281, 0.793067, -0.513743], [-0.173893, 0.584949, 0.792209]], [[0.928728, -0.169656, 0.329667], [0.355223, 0.66188, -0.6601], [-0.10621, 0.730159, 0.674972]]], "btipPosition": [-119.572403, 230.868637, -74.839767], "carpPosition": [-154.705765, 272.230713, 43.302052], "dipPosition": [-120.729889, 238.825989, -67.483849], "direction": [0.173893, -0.584949, -0.792209], "extended": true, "handId": 32, "id": 321, "length": 49.079433, "mcpPosition": [-133.730255, 262.111847, -18.597851], "pipPosition": [-124.220444, 250.567657, -51.581844], "timeVisible": 4.995031, "tipPosition": [-119.572403, 230.868637, -74.839767], "type": 1, "width": 17.388351}, {"bases": [[[0.582968, 0.809008, 0.075191], [-0.809228, 0.586423, -0.035472], [-0.072791, -0.040168, 0.996538]], [[0.611026, 0.705756, -0.358546], [-0.790145, 0.516197, -0.330472], [-0.048152, 0.48523, 0.87306]], [[0.585979, 0.745367, -0.317893], [-0.441308, -0.035477, -0.896654], [-0.679614, 0.66571, 0.308148]], [[0.527916, 0.78301, -0.328938], [0.367312, -0.559709, -0.742838], [-0.765759, 0.271333, -0.583088]]], "btipPosition": [-131.079285, 210.577057, 6.555613], "carpPosition": [-165.371063, 255.771515, 44.653149], "dipPosition": [-143.087753, 214.832047, -2.588255], "direction": [0.679614, -0.665709, -0.308148], "extended": false, "handId": 32, "id": 320, "length": 45.378769, "mcpPosition": [-165.371063, 255.771515, 44.653149], "pipPosition": [-163.270248, 234.601608, 6.562805], "timeVisible": 4.995031, "tipPosition": [-131.079285, 210.577057, 6.555613], "type": 0, "width": 18.203886}, {"bases": [[[0.824474, -0.30881, 0.474214], [0.355258, 0.934725, -0.00896], [-0.440492, 0.175856, 0.880364]], [[0.831484, -0.343857, 0.436346], [0.510001, 0.160988, -0.844974], [0.220304, 0.925119, 0.309226]], [[0.890668, -0.241687, 0.385094], [-0.132552, -0.948245, -0.288549], [0.434902, 0.205957, -0.876608]], [[0.915351, -0.275863, 0.293311], [-0.401704, -0.575571, 0.712286], [-0.027672, -0.769816, -0.637665]]], "btipPosition": [-135.75235, 225.812317, 7.047753], "carpPosition": [-143.725967, 270.796967, 45.282303], "dipPosition": [-136.102173, 216.080643, -1.013326], "direction": [-0.434902, -0.205957, 0.876608], "extended": false, "handId": 32, "id": 322, "length": 58.362877, "mcpPosition": [-116.098961, 259.767578, -9.932777], "pipPosition": [-125.282158, 221.204681, -22.822639], "timeVisible": 4.995031, "tipPosition": [-135.75235, 225.812317, 7.047753], "type": 2, "width": 17.077671}, {"bases": [[[0.721524, -0.349144, 0.597915], [0.399032, 0.915403, 0.053012], [-0.565842, 0.200338, 0.799805]], [[0.725256, -0.364508, 0.58407], [0.623983, -0.010494, -0.781367], [0.290944, 0.931141, 0.219836]], [[0.77747, -0.304096, 0.550515], [-0.185695, -0.947303, -0.261026], [0.600881, 0.100712, -0.792968]], [[0.795159, -0.309247, 0.521622], [-0.460951, -0.867159, 0.188571], [0.394014, -0.390386, -0.832077]]], "btipPosition": [-133.197403, 221.83226, 25.321846], "carpPosition": [-134.442429, 266.630585, 49.379681], "dipPosition": [-128.292404, 216.972427, 14.963499], "direction": [-0.600881, -0.100712, 0.792968], "extended": false, "handId": 32, "id": 323, "length": 55.851036, "mcpPosition": [-102.579475, 255.349396, 4.342133], "pipPosition": [-113.812386, 219.399384, -4.145431], "timeVisible": 4.995031, "tipPosition": [-133.197403, 221.83226, 25.321846], "type": 3, "width": 16.250486}, {"bases": [[[0.575268, -0.47003, 0.669432], [0.454829, 0.864034, 0.215815], [-0.679851, 0.180325, 0.710834]], [[0.581197, -0.490094, 0.649628], [0.725099, -0.050469, -0.686793], [0.36938, 0.870207, 0.326034]], [[0.684269, -0.383982, 0.619946], [-0.087781, -0.887329, -0.452704], [0.723927, 0.255352, -0.640879]], [[0.742523, -0.392867, 0.542508], [-0.553199, -0.816346, 0.165985], [0.377664, -0.423363, -0.823489]]], "btipPosition": [-119.877167, 223.229889, 29.670687], "carpPosition": [-127.197235, 259.01532, 56.389511], "dipPosition": [-115.517845, 218.343079, 20.165277], "direction": [-0.723927, -0.255352, 0.640879], "extended": false, "handId": 32, "id": 324, "length": 44.045094, "mcpPosition": [-91.759155, 249.615631, 19.336424], "pipPosition": [-103.187325, 222.692444, 9.249303], "timeVisible": 4.995031, "tipPosition": [-119.877167, 223.229889, 29.670687], "type": 4, "width": 14.434953}], "timestamp": 694833831, "label": 1}, {"currentFrameRate": 115.318298, "devices": [], "hands": [{"armBasis": [[0.833824, -0.184535, 0.520274], [-0.22461, 0.747521, 0.625111], [-0.50427, -0.638091, 0.581852]], "armWidth": 57.281559, "confidence": 0.682989, "direction": [0.501531, -0.032075, -0.864545], "elbow": [-276.094879, 98.784302, 212.531906], "grabAngle": 2.886715, "grabStrength": 0.0, "id": 32, "palmNormal": [-0.156208, -0.986245, -0.054028], "palmPosition": [-125.307785, 255.70079, 10.628806], "palmVelocity": [5.430465, -4.284707, -3.86414], "palmWidth": 81.796127, "pinchDistance": 63.489735, "pinchStrength": 1.0, "timeVisible": 5.090434, "type": "right", "wrist": [-153.699234, 253.66066, 71.305588]}], "id": 36971, "pointables": [{"bases": [[[0.923049, -0.165229, 0.347391], [0.206628, 0.974682, -0.085441], [-0.324479, 0.150647, 0.93382]], [[0.931877, -0.172147, 0.319329], [0.255367, 0.936488, -0.240369], [-0.257669, 0.30554, 0.916653]], [[0.931247, -0.170801, 0.321879], [0.325792, 0.785927, -0.525526], [-0.163213, 0.59426, 0.787538]], [[0.931196, -0.170546, 0.322161], [0.350183, 0.66396, -0.660703], [-0.101221, 0.72806, 0.678]]], "btipPosition": [-119.457726, 230.752029, -75.086128], "carpPosition": [-154.634247, 271.657745, 43.091911], "dipPosition": [-120.561256, 238.689438, -67.694481], "direction": [0.163213, -0.59426, -0.787538], "extended": true, "handId": 32, "id": 321, "length": 49.101646, "mcpPosition": [-133.174545, 261.69458, -18.66712], "pipPosition": [-123.839348, 250.625015, -51.876953], "timeVisible": 5.090434, "tipPosition": [-119.457726, 230.752029, -75.086128], "type": 1, "width": 17.388351}, {"bases": [[[0.57999, 0.810619, 0.080678], [-0.810687, 0.584074, -0.040547], [-0.07999, -0.041888, 0.995915]], [[0.610258, 0.708267, -0.354884], [-0.790621, 0.516223, -0.329289], [-0.050025, 0.48153, 0.875001]], [[0.586257, 0.746293, -0.315198], [-0.449816, -0.023721, -0.892806], [-0.673771, 0.665195, 0.321788]], [[0.529796, 0.783463, -0.324811], [0.3519, -0.551515, -0.756305], [-0.771675, 0.286386, -0.567891]]], "btipPosition": [-130.973694, 209.951904, 5.522397], "carpPosition": [-165.259628, 255.198456, 44.343697], "dipPosition": [-143.072464, 214.442032, -3.38133], "direction": [0.673772, -0.665195, -0.321788], "extended": false, "handId": 32, "id": 320, "length": 45.369457, "mcpPosition": [-165.259628, 255.198456, 44.343697], "pipPosition": [-163.077332, 234.192261, 6.172831], "timeVisible": 5.090434, "tipPosition": [-130.973694, 209.951904, 5.522397], "type": 0, "width": 18.203886}, {"bases": [[[0.821884, -0.30708, 0.479801], [0.352531, 0.935787, -0.004958], [-0.447469, 0.17322, 0.877363]], [[0.828925, -0.341479, 0.44303], [0.513379, 0.149971, -0.844956], [0.222094, 0.927847, 0.299623]], [[0.889179, -0.239042, 0.390153], [-0.134564, -0.95159, -0.276348], [0.437325, 0.193222, -0.878301]], [[0.914186, -0.270962, 0.301403], [-0.405286, -0.606021, 0.684457], [-0.002805, -0.747875, -0.663833]]], "btipPosition": [-135.718399, 225.392105, 7.856442], "carpPosition": [-143.681702, 270.291901, 45.138321], "dipPosition": [-135.753845, 215.942734, -0.531062], "direction": [-0.437325, -0.193222, 0.878301], "extended": false, "handId": 32, "id": 322, "length": 58.353165, "mcpPosition": [-115.617111, 259.427826, -9.888538], "pipPosition": [-124.875412, 220.74913, -22.378763], "timeVisible": 5.090434, "tipPosition": [-135.718399, 225.392105, 7.856442], "type": 2, "width": 17.077671}, {"bases": [[[0.718147, -0.347906, 0.602682], [0.395906, 0.916501, 0.057306], [-0.572296, 0.197452, 0.795921]], [[0.72208, -0.363458, 0.588642], [0.629553, -0.007541, -0.776921], [0.286817, 0.93158, 0.223371]], [[0.773869, -0.303387, 0.555952], [-0.180428, -0.947034, -0.265653], [0.607101, 0.105272, -0.78762]], [[0.792125, -0.308811, 0.526473], [-0.467209, -0.861819, 0.197442], [0.392752, -0.402372, -0.826948]]], "btipPosition": [-132.796234, 221.526596, 25.135347], "carpPosition": [-134.426102, 266.140076, 49.298458], "dipPosition": [-127.90551, 216.516083, 14.837831], "direction": [-0.607101, -0.105272, 0.78762], "extended": false, "handId": 32, "id": 323, "length": 55.858498, "mcpPosition": [-102.19973, 255.021423, 4.479607], "pipPosition": [-113.273682, 219.053253, -4.144714], "timeVisible": 5.090434, "tipPosition": [-132.796234, 221.526596, 25.135347], "type": 3, "width": 16.250486}, {"bases": [[[0.57173, -0.469333, 0.672942], [0.450658, 0.865052, 0.220438], [-0.685589, 0.177236, 0.706085]], [[0.578483, -0.491269, 0.651162], [0.730346, -0.043555, -0.681688], [0.363253, 0.869918, 0.333601]], [[0.687916, -0.377438, 0.619929], [-0.082804, -0.88938, -0.449607], [0.721052, 0.257959, -0.643072]], [[0.750212, -0.387545, 0.535715], [-0.551853, -0.813283, 0.184469], [0.364198, -0.434027, -0.824003]]], "btipPosition": [-119.208275, 222.980759, 29.689835], "carpPosition": [-127.215767, 258.518738, 56.346249], "dipPosition": [-115.002968, 217.969147, 20.175261], "direction": [-0.721052, -0.257959, 0.643072], "extended": false, "handId": 32, "id": 324, "length": 44.054787, "mcpPosition": [-91.47863, 249.280121, 19.540716], "pipPosition": [-102.717972, 222.364151, 9.218845], "timeVisible": 5.090434, "tipPosition": [-119.208275, 222.980759, 29.689835], "type": 4, "width": 14.434953}], "timestamp": 694929234, "label": 1}, {"currentFrameRate": 115.338104, "devices": [], "hands": [{"armBasis": [[0.834197, -0.177114, 0.522252], [-0.234618, 0.743057, 0.626754], [-0.49907, -0.645366, 0.578302]], "armWidth": 57.281559, "confidence": 0.695348, "direction": [0.509677, -0.031315, -0.859796], "elbow": [-275.160187, 97.269882, 211.324356], "grabAngle": 2.876007, "grabStrength": 0.0, "id": 32, "palmNormal": [-0.154241, -0.986473, -0.055503], "palmPosition": [-125.158295, 256.070953, 10.522053], "palmVelocity": [0.350339, 4.927509, 0.897245], "palmWidth": 81.796127, "pinchDistance": 63.113518, "pinchStrength": 1.0, "timeVisible": 5.194462, "type": "right", "wrist": [-154.026764, 253.912018, 70.959877]}], "id": 36983, "pointables": [{"bases": [[[0.919987, -0.163878, 0.356045], [0.205985, 0.974987, -0.083486], [-0.333458, 0.150146, 0.930732]], [[0.931281, -0.172667, 0.320784], [0.257436, 0.93495, -0.244122], [-0.257765, 0.309928, 0.915151]], [[0.930468, -0.171022, 0.324009], [0.321371, 0.805648, -0.497647], [-0.175928, 0.567171, 0.804591]], [[0.93039, -0.170702, 0.3244], [0.343979, 0.712427, -0.611659], [-0.126699, 0.680668, 0.721553]]], "btipPosition": [-118.495079, 232.027527, -76.015503], "carpPosition": [-154.799744, 271.990234, 42.710194], "dipPosition": [-119.875793, 239.445145, -68.152336], "direction": [0.175928, -0.567171, -0.804591], "extended": true, "handId": 32, "id": 321, "length": 49.088398, "mcpPosition": [-132.746185, 262.060211, -18.844631], "pipPosition": [-123.407875, 250.832169, -51.99868], "timeVisible": 5.194462, "tipPosition": [-118.495079, 232.027527, -76.015503], "type": 1, "width": 17.388351}, {"bases": [[[0.578012, 0.81147, 0.086131], [-0.81113, 0.582881, -0.048154], [-0.08928, -0.04203, 0.995119]], [[0.611203, 0.71042, -0.348905], [-0.789658, 0.517511, -0.329578], [-0.053577, 0.476955, 0.877293]], [[0.587578, 0.747383, -0.310114], [-0.445175, -0.021454, -0.895186], [-0.675701, 0.664047, 0.320111]], [[0.532517, 0.783685, -0.319786], [0.357641, -0.550757, -0.754162], [-0.76715, 0.287235, -0.573565]]], "btipPosition": [-130.995605, 210.455902, 5.075383], "carpPosition": [-165.428177, 255.487335, 43.860439], "dipPosition": [-143.025635, 214.960175, -3.918958], "direction": [0.675701, -0.664047, -0.320111], "extended": false, "handId": 32, "id": 320, "length": 45.376797, "mcpPosition": [-165.428177, 255.487335, 43.860439], "pipPosition": [-163.09079, 234.67926, 5.586836], "timeVisible": 5.194462, "tipPosition": [-130.995605, 210.455902, 5.075383], "type": 0, "width": 18.203886}, {"bases": [[[0.817792, -0.305881, 0.487497], [0.351184, 0.936305, -0.001636], [-0.455946, 0.172539, 0.873123]], [[0.824895, -0.339136, 0.452256], [0.520498, 0.143567, -0.841707], [0.220524, 0.929718, 0.294948]], [[0.88546, -0.237846, 0.399236], [-0.135803, -0.954032, -0.267171], [0.44443, 0.182352, -0.877058]], [[0.910818, -0.270023, 0.312246], [-0.412791, -0.602561, 0.683025], [0.003715, -0.751004, -0.660287]]], "btipPosition": [-135.57901, 225.996399, 7.957046], "carpPosition": [-143.876953, 270.631622, 44.854858], "dipPosition": [-135.532074, 216.507172, -0.385934], "direction": [-0.44443, -0.182352, 0.877058], "extended": false, "handId": 32, "id": 322, "length": 58.361103, "mcpPosition": [-115.280716, 259.810242, -9.906056], "pipPosition": [-124.47596, 221.043549, -22.204571], "timeVisible": 5.194462, "tipPosition": [-135.57901, 225.996399, 7.957046], "type": 2, "width": 17.077671}, {"bases": [[[0.712966, -0.346863, 0.609398], [0.394, 0.917082, 0.061032], [-0.580038, 0.196589, 0.790512]], [[0.717136, -0.362656, 0.595144], [0.637322, -0.004308, -0.770585], [0.282021, 0.931913, 0.228039]], [[0.77041, -0.30068, 0.562192], [-0.173321, -0.947368, -0.269172], [0.613537, 0.109933, -0.781976]], [[0.789784, -0.30643, 0.531358], [-0.469506, -0.859463, 0.202205], [0.394721, -0.409174, -0.822661]]], "btipPosition": [-132.593811, 221.886597, 24.881067], "carpPosition": [-134.657654, 266.498932, 49.103382], "dipPosition": [-127.676674, 216.789413, 14.63297], "direction": [-0.613537, -0.109933, 0.781976], "extended": false, "handId": 32, "id": 323, "length": 55.872799, "mcpPosition": [-101.995331, 255.428848, 4.58912], "pipPosition": [-112.886642, 219.439484, -4.217466], "timeVisible": 5.194462, "tipPosition": [-132.593811, 221.886597, 24.881067], "type": 3, "width": 16.250486}, {"bases": [[[0.566074, -0.468507, 0.678278], [0.447293, 0.865709, 0.224671], [-0.692451, 0.176208, 0.699615]], [[0.573729, -0.492196, 0.654658], [0.738372, -0.035095, -0.67348], [0.35446, 0.869776, 0.343289]], [[0.688078, -0.371798, 0.623149], [-0.073706, -0.89013, -0.449706], [0.721883, 0.263503, -0.639883]], [[0.754053, -0.382405, 0.534014], [-0.548578, -0.813787, 0.191868], [0.361202, -0.437627, -0.823417]]], "btipPosition": [-118.85881, 223.337128, 29.540617], "carpPosition": [-127.511154, 258.871216, 56.215168], "dipPosition": [-114.686722, 218.282288, 20.029684], "direction": [-0.721883, -0.263503, 0.639883], "extended": false, "handId": 32, "id": 324, "length": 44.064144, "mcpPosition": [-91.416275, 249.686127, 19.746866], "pipPosition": [-102.384186, 222.77298, 9.124617], "timeVisible": 5.194462, "tipPosition": [-118.85881, 223.337128, 29.540617], "type": 4, "width": 14.434953}], "timestamp": 695033262, "label": 1}], [{"currentFrameRate": 115.340248, "devices": [], "hands": [{"armBasis": [[0.85842, -0.153893, 0.489319], [-0.23185, 0.734521, 0.637749], [-0.45756, -0.660905, 0.594848]], "armWidth": 57.281559, "confidence": 0.705791, "direction": [0.450434, 0.013331, -0.89271], "elbow": [-278.079254, 95.34066, 212.843323], "grabAngle": 2.921807, "grabStrength": 0.0, "id": 32, "palmNormal": [-0.089898, -0.99413, -0.060205], "palmPosition": [-142.156219, 260.282776, 6.375856], "palmVelocity": [-14.472713, 17.9533, 0.838358], "palmWidth": 81.796127, "pinchDistance": 58.567059, "pinchStrength": 1.0, "timeVisible": 6.295816, "type": "right", "wrist": [-167.021027, 255.754486, 68.462822]}], "id": 37110, "pointables": [{"bases": [[[0.951291, -0.103609, 0.290364], [0.132649, 0.987755, -0.082129], [-0.278299, 0.116645, 0.953385]], [[0.94914, -0.101306, 0.298112], [0.215881, 0.898612, -0.381959], [-0.229192, 0.426889, 0.874778]], [[0.948814, -0.100494, 0.299421], [0.257669, 0.79453, -0.549844], [-0.182643, 0.598851, 0.779755]], [[0.948618, -0.099704, 0.300305], [0.282388, 0.694944, -0.661294], [-0.142762, 0.712118, 0.687392]]], "btipPosition": [-138.611343, 231.05365, -77.306755], "carpPosition": [-170.553192, 274.033173, 40.622608], "dipPosition": [-140.16629, 238.809952, -69.819763], "direction": [0.182643, -0.598851, -0.779755], "extended": true, "handId": 32, "id": 321, "length": 49.105972, "mcpPosition": [-152.147644, 266.318756, -22.430424], "pipPosition": [-143.832779, 250.83165, -54.166492], "timeVisible": 6.295816, "tipPosition": [-138.611343, 231.05365, -77.306755], "type": 1, "width": 17.388351}, {"bases": [[[0.52574, 0.848572, 0.05936], [-0.850461, 0.525798, 0.015904], [-0.017716, -0.058844, 0.99811]], [[0.521502, 0.745644, -0.414791], [-0.852551, 0.475036, -0.21794], [0.034535, 0.467286, 0.883431]], [[0.505268, 0.77595, -0.377632], [-0.597426, -0.001251, -0.801923], [-0.622725, 0.630793, 0.462941]], [[0.455291, 0.807602, -0.37482], [0.188059, -0.498715, -0.846119], [-0.870255, 0.314742, -0.378937]]], "btipPosition": [-148.992966, 212.606522, -3.865925], "carpPosition": [-179.577545, 256.609436, 42.440742], "dipPosition": [-162.618088, 217.534271, -9.798745], "direction": [0.622725, -0.630793, -0.462941], "extended": false, "handId": 32, "id": 320, "length": 45.308388, "mcpPosition": [-179.577545, 256.609436, 42.440742], "pipPosition": [-181.083069, 236.238495, 3.928339], "timeVisible": 6.295816, "tipPosition": [-148.992966, 212.606522, -3.865925], "type": 0, "width": 18.203886}, {"bases": [[[0.8683, -0.253757, 0.426218], [0.285424, 0.958339, -0.010906], [-0.405694, 0.131122, 0.904555]], [[0.87413, -0.277455, 0.398642], [0.463803, 0.233224, -0.854689], [0.144165, 0.932001, 0.332552]], [[0.911864, -0.190456, 0.363636], [-0.036284, -0.91978, -0.390754], [0.408886, 0.34312, -0.845625]], [[0.935598, -0.211777, 0.2825], [-0.351375, -0.636731, 0.686374], [0.034518, -0.741434, -0.670138]]], "btipPosition": [-150.619675, 226.745956, 1.049562], "carpPosition": [-159.461243, 272.947327, 42.148605], "dipPosition": [-150.183304, 217.372849, -7.422228], "direction": [-0.408886, -0.34312, 0.845625], "extended": false, "handId": 32, "id": 322, "length": 58.320889, "mcpPosition": [-134.016739, 264.723541, -14.58367], "pipPosition": [-140.022171, 225.899643, -28.436644], "timeVisible": 6.295816, "tipPosition": [-150.619675, 226.745956, 1.049562], "type": 2, "width": 17.077671}, {"bases": [[[0.775131, -0.303213, 0.554286], [0.333653, 0.941452, 0.048414], [-0.536514, 0.147412, 0.830917]], [[0.776905, -0.309732, 0.548165], [0.582962, 0.024963, -0.812116], [0.237854, 0.950496, 0.199956]], [[0.819351, -0.251521, 0.515172], [-0.133509, -0.957626, -0.2552], [0.55753, 0.140318, -0.818212]], [[0.836861, -0.257566, 0.483036], [-0.430102, -0.855231, 0.289124], [0.338639, -0.449712, -0.826488]]], "btipPosition": [-146.311356, 226.74939, 21.226089], "carpPosition": [-149.675369, 269.524628, 45.704407], "dipPosition": [-142.090073, 221.143539, 10.923553], "direction": [-0.55753, -0.140318, 0.818212], "extended": false, "handId": 32, "id": 323, "length": 55.881313, "mcpPosition": [-119.463905, 261.223755, -1.085084], "pipPosition": [-128.647018, 224.526855, -8.80502], "timeVisible": 6.295816, "tipPosition": [-146.311356, 226.74939, 21.226089], "type": 3, "width": 16.250486}, {"bases": [[[0.64197, -0.435473, 0.631061], [0.401433, 0.892131, 0.207255], [-0.653242, 0.120277, 0.747535]], [[0.645255, -0.445944, 0.620306], [0.686705, -0.017256, -0.726731], [0.334786, 0.894894, 0.295098]], [[0.752205, -0.324629, 0.573414], [-0.108613, -0.919402, -0.378026], [0.649916, 0.222072, -0.726838]], [[0.80436, -0.336761, 0.489487], [-0.500299, -0.828286, 0.252275], [0.320479, -0.44781, -0.834721]]], "btipPosition": [-132.647232, 229.849533, 26.148451], "carpPosition": [-141.558701, 262.433105, 52.223236], "dipPosition": [-128.94693, 224.679047, 16.510616], "direction": [-0.649916, -0.222072, 0.726838], "extended": false, "handId": 32, "id": 324, "length": 44.065903, "mcpPosition": [-107.507645, 256.163513, 13.257088], "pipPosition": [-117.870255, 228.463882, 4.122933], "timeVisible": 6.295816, "tipPosition": [-132.647232, 229.849533, 26.148451], "type": 4, "width": 14.434953}], "timestamp": 696134616, "label": 1}, {"currentFrameRate": 115.338112, "devices": [], "hands": [{"armBasis": [[0.862342, -0.162885, 0.479411], [-0.221487, 0.730094, 0.646457], [-0.455313, -0.66365, 0.593514]], "armWidth": 57.281559, "confidence": 0.684581, "direction": [0.441319, 0.00658, -0.897326], "elbow": [-277.259338, 94.78019, 212.847931], "grabAngle": 2.920765, "grabStrength": 0.0, "id": 32, "palmNormal": [-0.102122, -0.993108, -0.057508], "palmPosition": [-142.490387, 260.105408, 6.482117], "palmVelocity": [3.563035, -16.278889, 1.314773], "palmWidth": 81.796127, "pinchDistance": 57.806107, "pinchStrength": 1.0, "timeVisible": 6.391205, "type": "right", "wrist": [-166.746475, 255.86026, 68.791092]}], "id": 37121, "pointables": [{"bases": [[[0.952963, -0.11425, 0.28073], [0.143324, 0.985998, -0.085248], [-0.267059, 0.121473, 0.955993]], [[0.946009, -0.106477, 0.306154], [0.226211, 0.893339, -0.388295], [-0.232155, 0.436586, 0.869193]], [[0.946272, -0.10709, 0.305126], [0.257529, 0.820229, -0.510787], [-0.195573, 0.561922, 0.803738]], [[0.946185, -0.106773, 0.305505], [0.287741, 0.709616, -0.643157], [-0.148119, 0.696452, 0.702151]]], "btipPosition": [-138.792038, 231.548096, -77.514442], "carpPosition": [-170.406433, 274.26239, 40.988995], "dipPosition": [-140.404297, 239.128876, -69.871628], "direction": [0.195573, -0.561922, -0.803738], "extended": true, "handId": 32, "id": 321, "length": 49.070133, "mcpPosition": [-152.744202, 266.228638, -22.236519], "pipPosition": [-144.326782, 250.398987, -53.75156], "timeVisible": 6.391205, "tipPosition": [-138.792038, 231.548096, -77.514442], "type": 1, "width": 17.388351}, {"bases": [[[0.536202, 0.84246, 0.05243], [-0.844051, 0.535738, 0.023731], [-0.008096, -0.056978, 0.998343]], [[0.528149, 0.746979, -0.403833], [-0.84814, 0.487255, -0.207945], [0.041439, 0.452333, 0.890886]], [[0.511606, 0.776983, -0.36682], [-0.575599, -0.007039, -0.817702], [-0.637922, 0.629482, 0.44363]], [[0.462655, 0.807416, -0.366101], [0.23092, -0.508455, -0.829548], [-0.855936, 0.299254, -0.421688]]], "btipPosition": [-149.058197, 213.808533, -2.483245], "carpPosition": [-179.586792, 256.897614, 42.921444], "dipPosition": [-162.467285, 218.496643, -9.0894], "direction": [0.637922, -0.629482, -0.44363], "extended": false, "handId": 32, "id": 320, "length": 45.335045, "mcpPosition": [-179.586792, 256.897614, 42.921444], "pipPosition": [-181.393829, 237.172791, 4.072669], "timeVisible": 6.391205, "tipPosition": [-149.058197, 213.808533, -2.483245], "type": 0, "width": 18.203886}, {"bases": [[[0.869631, -0.263192, 0.417699], [0.296472, 0.954915, -0.015551], [-0.394774, 0.137359, 0.908452]], [[0.874368, -0.285086, 0.392691], [0.457138, 0.212414, -0.863658], [0.162804, 0.934669, 0.316051]], [[0.912809, -0.201635, 0.355137], [-0.071428, -0.935034, -0.347289], [0.402091, 0.291642, -0.86791]], [[0.93368, -0.226393, 0.277466], [-0.358102, -0.594964, 0.71957], [0.002177, -0.771209, -0.636578]]], "btipPosition": [-151.317596, 227.960464, 1.890419], "carpPosition": [-159.267975, 273.019928, 42.405327], "dipPosition": [-151.29007, 218.208237, -6.159349], "direction": [-0.402091, -0.291642, 0.86791], "extended": false, "handId": 32, "id": 322, "length": 58.344353, "mcpPosition": [-134.508347, 264.404968, -14.571401], "pipPosition": [-141.291901, 225.460052, -27.740322], "timeVisible": 6.391205, "tipPosition": [-151.317596, 227.960464, 1.890419], "type": 2, "width": 17.077671}, {"bases": [[[0.777218, -0.311341, 0.546808], [0.34511, 0.937563, 0.043299], [-0.526148, 0.155056, 0.836137]], [[0.778873, -0.317848, 0.540675], [0.577117, 0.025707, -0.816257], [0.245546, 0.947793, 0.203458]], [[0.819587, -0.262832, 0.509113], [-0.14927, -0.95584, -0.253157], [0.553168, 0.131489, -0.822627]], [[0.835732, -0.268633, 0.478946], [-0.438063, -0.852074, 0.28648], [0.331139, -0.449228, -0.829784]]], "btipPosition": [-146.809372, 226.591202, 21.123648], "carpPosition": [-149.487183, 269.490082, 45.879601], "dipPosition": [-142.68103, 220.990631, 10.778663], "direction": [-0.553168, -0.131489, 0.822627], "extended": false, "handId": 32, "id": 323, "length": 55.889809, "mcpPosition": [-119.859421, 260.758789, -1.203871], "pipPosition": [-129.340698, 224.161652, -9.059991], "timeVisible": 6.391205, "tipPosition": [-146.809372, 226.591202, 21.123648], "type": 3, "width": 16.250486}, {"bases": [[[0.64332, -0.441907, 0.625186], [0.413945, 0.887715, 0.20152], [-0.64404, 0.129151, 0.754011]], [[0.646098, -0.451469, 0.615413], [0.679598, -0.026736, -0.733097], [0.347424, 0.891886, 0.289543]], [[0.747041, -0.340088, 0.5712], [-0.12659, -0.916287, -0.379991], [0.652614, 0.21156, -0.727556]], [[0.795096, -0.351676, 0.494112], [-0.514266, -0.822807, 0.241908], [0.321486, -0.446445, -0.835065]]], "btipPosition": [-133.401138, 229.530792, 26.10272], "carpPosition": [-141.38591, 262.32019, 52.329258], "dipPosition": [-129.689682, 224.376724, 16.462152], "direction": [-0.652614, -0.211561, 0.727556], "extended": false, "handId": 32, "id": 324, "length": 44.062416, "mcpPosition": [-107.814529, 255.588043, 13.025529], "pipPosition": [-118.568138, 227.98204, 4.063485], "timeVisible": 6.391205, "tipPosition": [-133.401138, 229.530792, 26.10272], "type": 4, "width": 14.434953}], "timestamp": 696230005, "label": 1}, {"currentFrameRate": 115.327316, "devices": [], "hands": [{"armBasis": [[0.865016, -0.177099, 0.46945], [-0.206122, 0.727608, 0.654293], [-0.457451, -0.662738, 0.592888]], "armWidth": 57.281559, "confidence": 0.661363, "direction": [0.426987, -0.002787, -0.904254], "elbow": [-276.50943, 94.225906, 213.220398], "grabAngle": 2.931825, "grabStrength": 0.0, "id": 32, "palmNormal": [-0.116106, -0.991887, -0.051768], "palmPosition": [-142.112671, 258.858398, 6.68383], "palmVelocity": [1.956954, -12.942105, 3.102431], "palmWidth": 81.796127, "pinchDistance": 58.323193, "pinchStrength": 1.0, "timeVisible": 6.49529, "type": "right", "wrist": [-165.477737, 255.084778, 69.315422]}], "id": 37133, "pointables": [{"bases": [[[0.955734, -0.125758, 0.266003], [0.154926, 0.983671, -0.091594], [-0.250141, 0.128751, 0.959611]], [[0.944854, -0.113272, 0.307279], [0.22991, 0.897617, -0.376066], [-0.233221, 0.425974, 0.874159]], [[0.94563, -0.115036, 0.30422], [0.260199, 0.828775, -0.495408], [-0.19514, 0.54763, 0.813647]], [[0.945607, -0.114946, 0.304326], [0.298204, 0.680133, -0.669696], [-0.130004, 0.724021, 0.677416]]], "btipPosition": [-139.051056, 230.751129, -77.164154], "carpPosition": [-169.353973, 273.513641, 41.586792], "dipPosition": [-140.46405, 238.620422, -69.801399], "direction": [0.19514, -0.54763, -0.813647], "extended": true, "handId": 32, "id": 321, "length": 48.980881, "mcpPosition": [-152.810684, 264.998596, -21.87796], "pipPosition": [-144.369995, 249.581848, -53.515354], "timeVisible": 6.49529, "tipPosition": [-139.051056, 230.751129, -77.164154], "type": 1, "width": 17.388351}, {"bases": [[[0.548027, 0.835484, 0.040408], [-0.836431, 0.546958, 0.034941], [0.007091, -0.052947, 0.998572]], [[0.535779, 0.744704, -0.397941], [-0.843115, 0.497412, -0.204299], [0.045798, 0.444969, 0.894374]], [[0.517874, 0.775825, -0.360419], [-0.538923, -0.031317, -0.841773], [-0.664355, 0.630171, 0.401892]], [[0.469385, 0.805, -0.362839], [0.284953, -0.527031, -0.80065], [-0.835751, 0.27242, -0.476768]]], "btipPosition": [-147.85643, 213.894363, 0.210686], "carpPosition": [-178.677307, 256.279724, 43.681999], "dipPosition": [-160.95401, 218.163635, -7.261045], "direction": [0.664355, -0.630171, -0.401892], "extended": false, "handId": 32, "id": 320, "length": 45.356106, "mcpPosition": [-178.677307, 256.279724, 43.681999], "pipPosition": [-180.675049, 236.869919, 4.668902], "timeVisible": 6.49529, "tipPosition": [-147.85643, 213.894363, 0.210686], "type": 0, "width": 18.203886}, {"bases": [[[0.872644, -0.273044, 0.404895], [0.308745, 0.950837, -0.024214], [-0.378378, 0.14614, 0.914042]], [[0.877648, -0.298167, 0.375273], [0.449879, 0.24234, -0.859582], [0.165356, 0.923238, 0.346828]], [[0.915123, -0.215494, 0.340751], [-0.079155, -0.924753, -0.372244], [0.395328, 0.313677, -0.863321]], [[0.93459, -0.241999, 0.260726], [-0.35356, -0.55114, 0.755804], [-0.039207, -0.798549, -0.600651]]], "btipPosition": [-150.622711, 226.827423, 0.133885], "carpPosition": [-158.131607, 272.138733, 42.833122], "dipPosition": [-151.11882, 216.722931, -7.466487], "direction": [-0.395328, -0.313677, 0.863321], "extended": false, "handId": 32, "id": 322, "length": 58.347225, "mcpPosition": [-1