[[{"currentFrameRate": 115.343803, "devices": [], "hands": [{"armBasis": [[-0.613777, 0.387007, -0.688116], [0.157141, -0.794279, -0.586879], [-0.773683, -0.468344, 0.426695]], "armWidth": 58.370655, "confidence": 0.848009, "direction": [0.207184, 0.438823, -0.874362], "elbow": [-368.27359, 146.9254, 130.510162], "grabAngle": 0.0, "grabStrength": 0.0, "id": 15, "palmNormal": [-0.118622, 0.898429, 0.422794], "palmPosition": [-149.948822, 297.762756, -28.745461], "palmVelocity": [-1.332845, 14.116491, -15.091168], "palmWidth": 83.351318, "pinchDistance": 56.889179, "pinchStrength": 0.0, "timeVisible": 11.542258, "type": "right", "wrist": [-176.916122, 262.762543, 24.974268]}], "id": 9662, "pointables": [{"bases": [[[-0.244234, -0.724438, -0.644623], [0.753715, -0.560071, 0.343851], [-0.610134, -0.401882, 0.682808]], [[-0.286307, -0.743698, -0.604104], [0.598187, -0.631267, 0.493634], [-0.748466, -0.220036, 0.625607]], [[-0.288075, -0.744353, -0.602454], [0.694305, -0.595634, 0.403931], [-0.65951, -0.301925, 0.688396]], [[-0.29111, -0.746503, -0.598321], [0.859701, -0.478507, 0.178732], [-0.419725, -0.462347, 0.781068]]], "btipPosition": [-85.083351, 307.616302, -38.996723], "carpPosition": [-144.573151, 281.551758, 21.613224], "dipPosition": [-91.697716, 300.330261, -26.688019], "direction": [0.65951, 0.301925, -0.688396], "extended": true, "handId": 15, "id": 150, "length": 45.692482, "mcpPosition": [-144.573151, 281.551758, 21.613224], "pipPosition": [-111.439255, 291.292542, -6.081819], "timeVisible": 11.542258, "tipPosition": [-85.083351, 307.616302, -38.996723], "type": 0, "width": 18.549995}, {"bases": [[[-0.922511, 0.057785, -0.38162], [0.171794, -0.823916, -0.540045], [-0.34563, -0.563758, 0.750145]], [[-0.95271, 0.023487, -0.302972], [0.030156, -0.98478, -0.171171], [-0.302381, -0.172213, 0.937501]], [[-0.950904, 0.024646, -0.308503], [0.044484, -0.975589, -0.215053], [-0.306272, -0.218218, 0.926595]], [[-0.951178, 0.024436, -0.307673], [0.053635, -0.968607, -0.242743], [-0.303946, -0.247394, 0.920007]]], "btipPosition": [-101.946747, 319.250061, -108.237976], "carpPosition": [-146.315796, 267.508362, 6.93235], "dipPosition": [-105.369194, 316.464386, -97.878639], "direction": [0.306272, 0.218218, -0.926595], "extended": true, "handId": 15, "id": 151, "length": 50.690212, "mcpPosition": [-123.022636, 305.501892, -43.622437], "pipPosition": [-111.723038, 311.937286, -78.655724], "timeVisible": 11.542258, "tipPosition": [-101.946747, 319.250061, -108.237976], "type": 1, "width": 17.718956}, {"bases": [[[-0.976405, 0.120694, -0.179071], [0.005729, -0.814463, -0.580188], [-0.215871, -0.567524, 0.794554]], [[-0.982579, 0.107977, -0.151259], [-0.068032, -0.966388, -0.247923], [-0.172945, -0.233314, 0.956899]], [[-0.982417, 0.108206, -0.152147], [-0.063277, -0.959666, -0.273931], [-0.175651, -0.259487, 0.949638]], [[-0.982417, 0.108206, -0.152147], [-0.063277, -0.959665, -0.273931], [-0.175651, -0.259487, 0.949638]]], "btipPosition": [-128.62439, 322.363922, -124.698227], "carpPosition": [-156.058228, 266.869751, 0.722245], "dipPosition": [-130.784973, 319.172119, -113.017265], "direction": [0.175651, 0.259487, -0.949638], "extended": true, "handId": 15, "id": 152, "length": 57.467953, "mcpPosition": [-142.261688, 303.140747, -50.05843], "pipPosition": [-135.063065, 312.852173, -89.888275], "timeVisible": 11.542258, "tipPosition": [-128.62439, 322.363922, -124.698227], "type": 2, "width": 17.40237}, {"bases": [[[-0.995165, 0.096914, -0.015944], [-0.070929, -0.821435, -0.565874], [-0.067938, -0.562008, 0.824337]], [[-0.994548, 0.101286, -0.024829], [-0.088413, -0.9452, -0.314293], [-0.055302, -0.310384, 0.949001]], [[-0.994513, 0.101484, -0.025399], [-0.086273, -0.93294, -0.349543], [-0.059169, -0.345434, 0.936576]], [[-0.994493, 0.101603, -0.0257], [-0.083324, -0.915274, -0.39412], [-0.063566, -0.389808, 0.9187]]], "btipPosition": [-158.355911, 326.673706, -119.170631], "carpPosition": [-166.573074, 269.463226, -1.74044], "dipPosition": [-159.137375, 321.881531, -107.876427], "direction": [0.059169, 0.345434, -0.936576], "extended": true, "handId": 15, "id": 153, "length": 55.295906, "mcpPosition": [-162.674698, 301.711975, -49.042], "pipPosition": [-160.539566, 313.695435, -85.68145], "timeVisible": 11.542258, "tipPosition": [-158.355911, 326.673706, -119.170631], "type": 3, "width": 16.559458}, {"bases": [[[-0.970849, 0.1656, 0.173291], [-0.230572, -0.842765, -0.486399], [0.065496, -0.512176, 0.85638]], [[-0.959328, 0.144676, 0.2424], [-0.150262, -0.988635, -0.004618], [0.238977, -0.040853, 0.970165]], [[-0.957459, 0.143813, 0.250181], [-0.181205, -0.974358, -0.133386], [0.224584, -0.173046, 0.958967]], [[-0.957178, 0.143492, 0.251435], [-0.211585, -0.939527, -0.269295], [0.197588, -0.310963, 0.929656]]], "btipPosition": [-194.804855, 310.906067, -100.800285], "carpPosition": [-177.904037, 275.960815, 1.434563], "dipPosition": [-192.534897, 307.333618, -90.120094], "direction": [-0.224584, 0.173046, -0.958967], "extended": true, "handId": 15, "id": 154, "length": 43.722088, "mcpPosition": [-181.38298, 303.166229, -44.054005], "pipPosition": [-188.763916, 304.428009, -74.018089], "timeVisible": 11.542258, "tipPosition": [-194.804855, 310.906067, -100.800285], "type": 4, "width": 14.709405}], "timestamp": 458029696, "label": 0}, {"currentFrameRate": 115.319794, "devices": [], "hands": [{"armBasis": [[-0.65418, 0.398991, -0.642537], [0.154077, -0.76142, -0.629682], [-0.740479, -0.510926, 0.436631]], "armWidth": 58.370655, "confidence": 0.847251, "direction": [0.200008, 0.444197, -0.873319], "elbow": [-358.335205, 138.313309, 129.081177], "grabAngle": 0.0, "grabStrength": 0.0, "id": 15, "palmNormal": [-0.108822, 0.895885, 0.430752], "palmPosition": [-148.998795, 300.345886, -32.648354], "palmVelocity": [3.529217, 0.780577, -11.167344], "palmWidth": 83.351318, "pinchDistance": 56.565536, "pinchStrength": 0.0, "timeVisible": 11.741793, "type": "right", "wrist": [-175.190201, 264.68219, 21.087852]}], "id": 9685, "pointables": [{"bases": [[[-0.255466, -0.718201, -0.647244], [0.754264, -0.566859, 0.331296], [-0.604833, -0.403558, 0.686526]], [[-0.288047, -0.733775, -0.615308], [0.609414, -0.636098, 0.47328], [-0.738677, -0.238651, 0.630399]], [[-0.289605, -0.734395, -0.613834], [0.698468, -0.600638, 0.389072], [-0.654425, -0.316066, 0.686899]], [[-0.292359, -0.7364, -0.610115], [0.856161, -0.485784, 0.176074], [-0.426045, -0.470881, 0.772501]]], "btipPosition": [-84.151367, 311.16449, -43.142891], "carpPosition": [-143.172394, 283.708679, 17.518833], "dipPosition": [-90.868683, 303.740265, -30.963116], "direction": [0.654425, 0.316066, -0.686899], "extended": true, "handId": 15, "id": 150, "length": 45.712372, "mcpPosition": [-143.172394, 283.708679, 17.518833], "pipPosition": [-110.465881, 294.275452, -10.393449], "timeVisible": 11.741793, "tipPosition": [-84.151367, 311.16449, -43.142891], "type": 0, "width": 18.549995}, {"bases": [[[-0.926327, 0.065826, -0.370925], [0.161118, -0.820795, -0.548029], [-0.340528, -0.567417, 0.749719]], [[-0.95132, 0.035899, -0.306108], [0.030209, -0.97755, -0.208526], [-0.306722, -0.207622, 0.928878]], [[-0.949809, 0.03701, -0.310632], [0.042488, -0.968513, -0.245309], [-0.309931, -0.246195, 0.918331]], [[-0.950067, 0.036794, -0.30987], [0.051133, -0.961245, -0.270913], [-0.307829, -0.27323, 0.911365]]], "btipPosition": [-100.834251, 323.966949, -111.898293], "carpPosition": [-145.166229, 269.764771, 2.726781], "dipPosition": [-104.306763, 320.884735, -101.617493], "direction": [0.309931, 0.246195, -0.918331], "extended": true, "handId": 15, "id": 151, "length": 50.756905, "mcpPosition": [-122.216927, 308.004913, -47.799324], "pipPosition": [-110.746399, 315.769379, -82.53672], "timeVisible": 11.741793, "tipPosition": [-100.834251, 323.966949, -111.898293], "type": 1, "width": 17.718956}, {"bases": [[[-0.97762, 0.127515, -0.167328], [-0.005323, -0.810108, -0.586256], [-0.21031, -0.572245, 0.792657]], [[-0.9818, 0.11856, -0.148364], [-0.075536, -0.960533, -0.267716], [-0.174249, -0.251636, 0.952007]], [[-0.981649, 0.118785, -0.149183], [-0.071925, -0.95515, -0.287254], [-0.176613, -0.271253, 0.946166]], [[-0.981649, 0.118785, -0.149183], [-0.071924, -0.95515, -0.287255], [-0.176614, -0.271254, 0.946166]]], "btipPosition": [-127.756317, 326.342133, -128.452042], "carpPosition": [-154.951874, 269.311096, -3.334539], "dipPosition": [-129.934311, 322.99704, -116.783951], "direction": [0.176613, 0.271253, -0.946166], "extended": true, "handId": 15, "id": 152, "length": 57.588707, "mcpPosition": [-141.510773, 305.883789, -53.993992], "pipPosition": [-134.245148, 316.376221, -93.689629], "timeVisible": 11.741793, "tipPosition": [-127.756317, 326.342133, -128.452042], "type": 2, "width": 17.40237}, {"bases": [[[-0.994712, 0.102619, -0.004184], [-0.081858, -0.816757, -0.571146], [-0.062028, -0.567783, 0.820838]], [[-0.994042, 0.107976, -0.014907], [-0.09761, -0.942669, -0.319135], [-0.048511, -0.315779, 0.947592]], [[-0.99402, 0.108116, -0.015311], [-0.096482, -0.935276, -0.340515], [-0.051136, -0.337001, 0.940114]], [[-0.994009, 0.108195, -0.015518], [-0.094266, -0.920448, -0.379328], [-0.055325, -0.375592, 0.925132]]], "btipPosition": [-158.14534, 329.392975, -123.149025], "carpPosition": [-165.476898, 271.968445, -5.673427], "dipPosition": [-158.827026, 324.765106, -111.749977], "direction": [0.051136, 0.337001, -0.940114], "extended": true, "handId": 15, "id": 153, "length": 55.409233, "mcpPosition": [-161.917664, 304.548584, -52.7742], "pipPosition": [-160.041519, 316.761169, -89.421829], "timeVisible": 11.741793, "tipPosition": [-158.14534, 329.392975, -123.149025], "type": 3, "width": 16.559458}, {"bases": [[[-0.967915, 0.169746, 0.185275], [-0.240732, -0.837785, -0.490066], [0.072034, -0.518943, 0.851768]], [[-0.955621, 0.147576, 0.254969], [-0.157848, -0.987257, -0.020189], [0.24874, -0.059539, 0.966738]], [[-0.953927, 0.146772, 0.261688], [-0.185069, -0.974333, -0.128162], [0.23616, -0.170687, 0.956606]], [[-0.953499, 0.146309, 0.263502], [-0.217315, -0.939526, -0.264697], [0.20884, -0.309651, 0.927633]]], "btipPosition": [-194.635437, 314.315033, -104.260963], "carpPosition": [-176.74176, 278.474487, -2.357216], "dipPosition": [-192.232574, 310.752258, -93.58783], "direction": [-0.23616, 0.170687, -0.956606], "extended": true, "handId": 15, "id": 154, "length": 43.791634, "mcpPosition": [-180.567993, 306.039337, -47.600838], "pipPosition": [-188.258911, 307.880249, -77.491859], "timeVisible": 11.741793, "tipPosition": [-194.635437, 314.315033, -104.260963], "type": 4, "width": 14.709405}], "timestamp": 458229231, "label": 0}, {"currentFrameRate": 115.351753, "devices": [], "hands": [{"armBasis": [[-0.669684, 0.407471, -0.620879], [0.156708, -0.739676, -0.654462], [-0.725924, -0.53558, 0.431496]], "armWidth": 58.370655, "confidence": 0.843503, "direction": [0.209412, 0.436684, -0.874902], "elbow": [-354.04126, 136.991165, 125.255737], "grabAngle": 0.0, "grabStrength": 0.0, "id": 15, "palmNormal": [-0.10171, 0.899615, 0.424674], "palmPosition": [-147.893997, 304.863647, -35.204151], "palmVelocity": [1.544343, 41.03627, -8.016723], "palmWidth": 83.351318, "pinchDistance": 56.830135, "pinchStrength": 0.0, "timeVisible": 11.941207, "type": "right", "wrist": [-174.49617, 269.458008, 18.532476]}], "id": 9708, "pointables": [{"bases": [[[-0.259506, -0.719451, -0.644242], [0.746441, -0.572699, 0.338883], [-0.612767, -0.392946, 0.685646]], [[-0.295138, -0.735333, -0.610064], [0.589626, -0.642597, 0.489295], [-0.75182, -0.2153, 0.623227]], [[-0.296846, -0.735961, -0.608477], [0.690762, -0.605454, 0.395315], [-0.659341, -0.302965, 0.6881]], [[-0.299807, -0.738137, -0.604376], [0.865275, -0.477193, 0.153576], [-0.401764, -0.476908, 0.781757]]], "btipPosition": [-83.199905, 314.597351, -45.437767], "carpPosition": [-142.546463, 288.483246, 15.065416], "dipPosition": [-89.531151, 307.08194, -33.118355], "direction": [0.659341, 0.302965, -0.6881], "extended": true, "handId": 15, "id": 150, "length": 45.690094, "mcpPosition": [-142.546463, 288.483246, 15.065416], "pipPosition": [-109.266205, 298.013763, -12.522501], "timeVisible": 11.941207, "tipPosition": [-83.199905, 314.597351, -45.437767], "type": 0, "width": 18.549995}, {"bases": [[[-0.923556, 0.073266, -0.376398], [0.15543, -0.825802, -0.542118], [-0.35055, -0.55918, 0.751287]], [[-0.949861, 0.043477, -0.309635], [0.018764, -0.980574, -0.195249], [-0.312108, -0.191269, 0.930594]], [[-0.948217, 0.044608, -0.314474], [0.034777, -0.969555, -0.242393], [-0.315712, -0.240778, 0.917797]], [[-0.94849, 0.044388, -0.313683], [0.0439, -0.962169, -0.268894], [-0.313752, -0.268814, 0.910659]]], "btipPosition": [-99.215981, 327.316284, -114.257126], "carpPosition": [-144.571075, 274.472351, 0.399212], "dipPosition": [-102.746666, 324.29129, -104.009377], "direction": [0.315712, 0.240778, -0.917797], "extended": true, "handId": 15, "id": 151, "length": 50.654869, "mcpPosition": [-120.946365, 312.15741, -50.232563], "pipPosition": [-109.291634, 319.299774, -84.982719], "timeVisible": 11.941207, "tipPosition": [-99.215981, 327.316284, -114.257126], "type": 1, "width": 17.718956}, {"bases": [[[-0.9753, 0.136744, -0.173466], [-0.010679, -0.813603, -0.581322], [-0.220625, -0.565111, 0.794968]], [[-0.979778, 0.127795, -0.153958], [-0.085416, -0.962965, -0.255741], [-0.180939, -0.237419, 0.954407]], [[-0.979603, 0.128035, -0.154868], [-0.080154, -0.955727, -0.283128], [-0.184262, -0.26494, 0.946496]], [[-0.979603, 0.128035, -0.154868], [-0.080154, -0.955727, -0.283127], [-0.184262, -0.264939, 0.946496]]], "btipPosition": [-125.951492, 329.751801, -130.937698], "carpPosition": [-154.333496, 274.046661, -5.730565], "dipPosition": [-128.217178, 326.49411, -119.299583], "direction": [0.184262, 0.26494, -0.946496], "extended": true, "handId": 15, "id": 152, "length": 57.451027, "mcpPosition": [-140.233154, 310.163422, -56.537697], "pipPosition": [-132.703613, 320.043304, -96.25415], "timeVisible": 11.941207, "tipPosition": [-125.951492, 329.751801, -130.937698], "type": 2, "width": 17.40237}, {"bases": [[[-0.993538, 0.113034, -0.01027], [-0.087361, -0.819354, -0.566592], [-0.072459, -0.562033, 0.823935]], [[-0.992657, 0.118896, -0.022266], [-0.106225, -0.944872, -0.309731], [-0.057864, -0.305091, 0.950564]], [[-0.992626, 0.119061, -0.022754], [-0.104248, -0.934285, -0.340945], [-0.061852, -0.336059, 0.939808]], [[-0.992611, 0.119148, -0.02298], [-0.101691, -0.920127, -0.378188], [-0.066205, -0.373056, 0.925444]]], "btipPosition": [-156.145828, 333.390869, -125.735359], "carpPosition": [-164.815979, 276.818695, -8.129333], "dipPosition": [-156.959442, 328.806274, -114.36232], "direction": [0.061852, 0.336059, -0.939808], "extended": true, "handId": 15, "id": 153, "length": 55.278618, "mcpPosition": [-160.658203, 309.068909, -55.407784], "pipPosition": [-158.424713, 320.845032, -92.098282], "timeVisible": 11.941207, "tipPosition": [-156.145828, 333.390869, -125.735359], "type": 3, "width": 16.559458}, {"bases": [[[-0.967063, 0.181042, 0.17892], [-0.246885, -0.838213, -0.486258], [0.06194, -0.514415, 0.855301]], [[-0.955132, 0.159392, 0.249634], [-0.165307, -0.986238, -0.002771], [0.245756, -0.043913, 0.968336]], [[-0.953067, 0.158517, 0.257944], [-0.19309, -0.974467, -0.114588], [0.233194, -0.159017, 0.959341]], [[-0.952834, 0.158272, 0.258956], [-0.225127, -0.940817, -0.253341], [0.203533, -0.29969, 0.932073]]], "btipPosition": [-193.157364, 318.239014, -107.019249], "carpPosition": [-176.030365, 283.448975, -4.893514], "dipPosition": [-190.819916, 314.797272, -96.314995], "direction": [-0.233194, 0.159017, -0.959341], "extended": true, "handId": 15, "id": 154, "length": 43.6996, "mcpPosition": [-179.32045, 310.773315, -50.32481], "pipPosition": [-186.906784, 312.128876, -80.21669], "timeVisible": 11.941207, "tipPosition": [-193.157364, 318.239014, -107.019249], "type": 4, "width": 14.709405}], "timestamp": 458428645, "label": 0}, {"currentFrameRate": 115.34874, "devices": [], "hands": [{"armBasis": [[-0.682158, 0.377609, -0.626157], [0.178595, -0.744356, -0.643458], [-0.709059, -0.550768, 0.440329]], "armWidth": 58.370655, "confidence": 0.844794, "direction": [0.223825, 0.425771, -0.876711], "elbow": [-351.908875, 140.011307, 125.041382], "grabAngle": 0.0, "grabStrength": 0.0, "id": 15, "palmNormal": [-0.119346, 0.904736, 0.408912], "palmPosition": [-149.395874, 311.211029, -37.662148], "palmVelocity": [-1.298024, 19.93516, -16.340458], "palmWidth": 83.351318, "pinchDistance": 57.317051, "pinchStrength": 0.0, "timeVisible": 12.140673, "type": "right", "wrist": [-176.535019, 276.23468, 16.133345]}], "id": 9731, "pointables": [{"bases": [[[-0.238816, -0.731413, -0.63875], [0.744495, -0.560225, 0.363145], [-0.623453, -0.388822, 0.678324]], [[-0.277775, -0.74777, -0.60306], [0.569257, -0.6338, 0.523683], [-0.773814, -0.19783, 0.601727]], [[-0.279646, -0.748419, -0.601387], [0.692871, -0.590922, 0.413209], [-0.664626, -0.301131, 0.683807]], [[-0.282624, -0.750741, -0.597086], [0.890262, -0.437054, 0.12813], [-0.357151, -0.49535, 0.791878]]], "btipPosition": [-85.118881, 321.200195, -46.684589], "carpPosition": [-144.920074, 295.608521, 12.928856], "dipPosition": [-90.752396, 313.38681, -34.193928], "direction": [0.664626, 0.301131, -0.683807], "extended": true, "handId": 15, "id": 150, "length": 45.724117, "mcpPosition": [-144.920074, 295.608521, 12.928856], "pipPosition": [-110.658386, 304.367737, -13.713459], "timeVisible": 12.140673, "tipPosition": [-85.118881, 321.200195, -46.684589], "type": 0, "width": 18.549995}, {"bases": [[[-0.915982, 0.058567, -0.396921], [0.174848, -0.832138, -0.526284], [-0.361116, -0.551468, 0.751983]], [[-0.944764, 0.028028, -0.326551], [0.032037, -0.983668, -0.177117], [-0.326182, -0.177796, 0.928436]], [[-0.942957, 0.029179, -0.331633], [0.052798, -0.970437, -0.23551], [-0.328701, -0.239585, 0.91354]], [[-0.943217, 0.028978, -0.330911], [0.062796, -0.96267, -0.263293], [-0.326188, -0.269122, 0.906187]]], "btipPosition": [-99.504654, 333.162628, -116.020012], "carpPosition": [-146.50621, 281.36319, -1.53709], "dipPosition": [-103.175041, 330.134369, -105.823265], "direction": [0.328701, 0.239585, -0.91354], "extended": true, "handId": 15, "id": 151, "length": 50.653488, "mcpPosition": [-122.169373, 318.528473, -52.215755], "pipPosition": [-109.989029, 325.167755, -86.885536], "timeVisible": 12.140673, "tipPosition": [-99.504654, 333.162628, -116.020012], "type": 1, "width": 17.718956}, {"bases": [[[-0.972645, 0.124518, -0.196103], [0.009503, -0.822162, -0.569175], [-0.232101, -0.555468, 0.798489]], [[-0.977887, 0.115133, -0.174589], [-0.073478, -0.970744, -0.228598], [-0.195801, -0.210714, 0.957738]], [[-0.977689, 0.115363, -0.175546], [-0.065856, -0.9619, -0.265351], [-0.199469, -0.24787, 0.948036]], [[-0.977689, 0.115363, -0.175546], [-0.065855, -0.9619, -0.265352], [-0.199469, -0.247871, 0.948036]]], "btipPosition": [-125.864784, 334.161499, -133.470856], "carpPosition": [-156.154449, 280.811157, -7.850971], "dipPosition": [-128.317139, 331.114075, -121.815308], "direction": [0.199469, 0.24787, -0.948036], "extended": true, "handId": 15, "id": 152, "length": 57.445194, "mcpPosition": [-141.320648, 316.311646, -58.883106], "pipPosition": [-133.173355, 325.079498, -98.734688], "timeVisible": 12.140673, "tipPosition": [-125.864784, 334.161499, -133.470856], "type": 2, "width": 17.40237}, {"bases": [[[-0.99413, 0.103041, -0.032993], [-0.067417, -0.828453, -0.555987], [-0.084623, -0.550499, 0.830536]], [[-0.992171, 0.112734, -0.053729], [-0.092397, -0.952104, -0.29148], [-0.084015, -0.284234, 0.955067]], [[-0.992098, 0.112996, -0.054534], [-0.088161, -0.93708, -0.3378], [-0.089273, -0.330323, 0.939637]], [[-0.992055, 0.113158, -0.054966], [-0.08425, -0.922088, -0.377697], [-0.093423, -0.370065, 0.924296]]], "btipPosition": [-155.256256, 338.423279, -128.627655], "carpPosition": [-166.617401, 283.49234, -10.492108], "dipPosition": [-156.404266, 333.875824, -117.269661], "direction": [0.089273, 0.330323, -0.939637], "extended": true, "handId": 15, "id": 153, "length": 55.274639, "mcpPosition": [-161.761642, 315.080688, -58.149372], "pipPosition": [-158.518982, 326.051025, -95.011253], "timeVisible": 12.140673, "tipPosition": [-155.256256, 338.423279, -128.627655], "type": 3, "width": 16.559458}, {"bases": [[[-0.972346, 0.174093, 0.155676], [-0.228429, -0.8477, -0.478775], [0.048615, -0.501096, 0.864025]], [[-0.960861, 0.152581, 0.231223], [-0.153499, -0.988048, 0.014127], [0.230615, -0.021918, 0.972798]], [[-0.958065, 0.151733, 0.243081], [-0.175131, -0.981482, -0.077605], [0.226804, -0.116921, 0.966897]], [[-0.958357, 0.152008, 0.241756], [-0.210646, -0.947889, -0.23903], [0.192824, -0.280001, 0.940435]]], "btipPosition": [-193.699738, 322.272064, -110.50325], "carpPosition": [-178.008575, 289.811981, -7.68433], "dipPosition": [-191.488174, 319.060638, -99.717064], "direction": [-0.226804, 0.116921, -0.966897], "extended": true, "handId": 15, "id": 154, "length": 43.602585, "mcpPosition": [-180.590881, 316.428833, -53.57901], "pipPosition": [-187.692215, 317.10376, -83.534363], "timeVisible": 12.140673, "tipPosition": [-193.699738, 322.272064, -110.50325], "type": 4, "width": 14.709405}], "timestamp": 458628111, "label": 0}, {"currentFrameRate": 115.35144, "devices": [], "hands": [{"armBasis": [[-0.693918, 0.368112, -0.618847], [0.187483, -0.737434, -0.648877], [-0.695218, -0.566291, 0.442704]], "armWidth": 58.370655, "confidence": 0.845581, "direction": [0.216395, 0.433372, -0.87485], "elbow": [-346.722626, 138.668533, 123.756386], "grabAngle": 0.0, "grabStrength": 0.0, "id": 15, "palmNormal": [-0.130577, 0.900878, 0.413967], "palmPosition": [-148.276932, 314.379883, -39.425243], "palmVelocity": [-0.192874, 30.846851, -10.037829], "palmWidth": 83.351318, "pinchDistance": 54.910099, "pinchStrength": 0.0, "timeVisible": 12.340099, "type": "right", "wrist": [-174.772156, 278.73111, 14.260886]}], "id": 9754, "pointables": [{"bases": [[[-0.230316, -0.731126, -0.642191], [0.752611, -0.552173, 0.358724], [-0.616873, -0.4007, 0.677427]], [[-0.260843, -0.744629, -0.614401], [0.572977, -0.631627, 0.522249], [-0.776955, -0.215812, 0.591411]], [[-0.262757, -0.745373, -0.612681], [0.71804, -0.575215, 0.391851], [-0.644498, -0.336968, 0.686349]], [[-0.265491, -0.748011, -0.608271], [0.925026, -0.375455, 0.057965], [-0.271737, -0.547277, 0.79161]]], "btipPosition": [-85.527725, 326.853638, -48.226219], "carpPosition": [-143.53067, 298.56311, 11.020431], "dipPosition": [-89.816818, 318.215424, -35.731461], "direction": [0.644498, 0.336968, -0.686349], "extended": true, "handId": 15, "id": 150, "length": 45.745701, "mcpPosition": [-143.53067, 298.56311, 11.020431], "pipPosition": [-109.12709, 308.119293, -15.167264], "timeVisible": 12.340099, "tipPosition": [-85.527725, 326.853638, -48.226219], "type": 0, "width": 18.549995}, {"bases": [[[-0.917466, 0.048459, -0.394852], [0.184875, -0.826923, -0.531055], [-0.352246, -0.560223, 0.749715]], [[-0.944973, 0.017619, -0.326672], [0.048204, -0.98015, -0.192306], [-0.323576, -0.197471, 0.925367]], [[-0.943101, 0.01893, -0.331966], [0.068055, -0.966253, -0.248441], [-0.325467, -0.256897, 0.909986]], [[-0.943305, 0.018759, -0.331397], [0.077525, -0.958336, -0.27492], [-0.322747, -0.285025, 0.902549]]], "btipPosition": [-98.741562, 338.019043, -117.496407], "carpPosition": [-144.920013, 284.373077, -3.458366], "dipPosition": [-102.369087, 334.815491, -107.352165], "direction": [0.325467, 0.256897, -0.909986], "extended": true, "handId": 15, "id": 151, "length": 50.601028, "mcpPosition": [-121.180962, 322.128418, -53.984188], "pipPosition": [-109.108383, 329.496033, -88.509468], "timeVisible": 12.340099, "tipPosition": [-98.741562, 338.019043, -117.496407], "type": 1, "width": 17.718956}, {"bases": [[[-0.974605, 0.112581, -0.193576], [0.019326, -0.818925, -0.573576], [-0.223098, -0.56275, 0.795952]], [[-0.979627, 0.103018, -0.17239], [-0.059138, -0.968323, -0.242597], [-0.191921, -0.22746, 0.954688]], [[-0.979425, 0.103273, -0.173384], [-0.052347, -0.959744, -0.275954], [-0.194903, -0.2612, 0.945403]], [[-0.979425, 0.103273, -0.173384], [-0.052347, -0.959744, -0.275955], [-0.194903, -0.261201, 0.945403]]], "btipPosition": [-125.198799, 338.714386, -134.920303], "carpPosition": [-154.570755, 283.730652, -9.752503], "dipPosition": [-127.592285, 335.506744, -123.310402], "direction": [0.194903, 0.2612, -0.945403], "extended": true, "handId": 15, "id": 152, "length": 57.391315, "mcpPosition": [-140.312378, 319.696564, -60.62252], "pipPosition": [-132.332748, 329.153809, -100.3162], "timeVisible": 12.340099, "tipPosition": [-125.198799, 338.714386, -134.920303], "type": 2, "width": 17.40237}, {"bases": [[[-0.995478, 0.089952, -0.030542], [-0.057476, -0.82631, -0.560274], [-0.075635, -0.555985, 0.827744]], [[-0.993602, 0.100271, -0.051963], [-0.079678, -0.948473, -0.306677], [-0.080036, -0.300574, 0.950394]], [[-0.993532, 0.10055, -0.052771], [-0.075302, -0.931216, -0.356603], [-0.084997, -0.350323, 0.932764]], [[-0.99348, 0.100772, -0.053318], [-0.070601, -0.911004, -0.406308], [-0.089518, -0.399895, 0.912179]]], "btipPosition": [-154.535843, 342.982239, -129.782333], "carpPosition": [-165.073212, 286.286499, -12.357417], "dipPosition": [-155.634811, 338.072906, -118.583908], "direction": [0.084997, 0.350323, -0.932764], "extended": true, "handId": 15, "id": 153, "length": 55.226536, "mcpPosition": [-160.733185, 318.189667, -59.854446], "pipPosition": [-157.646362, 329.782135, -96.50901], "timeVisible": 12.340099, "tipPosition": [-154.535843, 342.982239, -129.782333], "type": 3, "width": 16.559458}, {"bases": [[[-0.974268, 0.160284, 0.158462], [-0.218064, -0.848113, -0.482859], [0.056999, -0.504989, 0.861241]], [[-0.962497, 0.1388, 0.233095], [-0.140291, -0.990057, 0.010255], [0.232201, -0.022831, 0.9724]], [[-0.959539, 0.137969, 0.245457], [-0.159782, -0.984581, -0.071197], [0.231849, -0.107536, 0.96679]], [[-0.95992, 0.138309, 0.243772], [-0.197739, -0.950594, -0.239311], [0.19863, -0.277922, 0.939843]]], "btipPosition": [-192.865662, 324.94281, -112.088882], "carpPosition": [-176.54213, 292.434265, -9.493364], "dipPosition": [-190.589493, 321.757996, -101.318878], "direction": [-0.231849, 0.107536, -0.96679], "extended": true, "handId": 15, "id": 154, "length": 43.559208, "mcpPosition": [-179.569763, 319.257935, -55.240181], "pipPosition": [-186.713745, 319.960358, -85.157379], "timeVisible": 12.340099, "tipPosition": [-192.865662, 324.94281, -112.088882], "type": 4, "width": 14.709405}], "timestamp": 458827537, "label": 0}], [{"currentFrameRate": 115.332649, "devices": [], "hands": [{"armBasis": [[-0.656334, 0.390743, -0.645403], [0.14255, -0.775807, -0.614657], [-0.740881, -0.495423, 0.453488]], "armWidth": 58.370655, "confidence": 0.849234, "direction": [0.269446, 0.396203, -0.877737], "elbow": [-347.489136, 132.603683, 113.224831], "grabAngle": 0.0, "grabStrength": 0.0, "id": 15, "palmNormal": [-0.072352, 0.917199, 0.391805], "palmPosition": [-133.942825, 287.386902, -52.786194], "palmVelocity": [-11.069594, -28.641155, 15.17852], "palmWidth": 83.351318, "pinchDistance": 57.296333, "pinchStrength": 0.0, "timeVisible": 13.545496, "type": "right", "wrist": [-164.244553, 255.138184, 1.062159]}], "id": 9893, "pointables": [{"bases": [[[-0.269128, -0.726129, -0.632698], [0.70004, -0.598661, 0.389293], [-0.661448, -0.338145, 0.669436]], [[-0.297799, -0.735895, -0.608091], [0.525129, -0.658237, 0.53941], [-0.797217, -0.158691, 0.582462]], [[-0.299835, -0.736475, -0.606386], [0.653263, -0.621726, 0.432092], [-0.695231, -0.266573, 0.667527]], [[-0.303188, -0.738741, -0.601945], [0.864502, -0.478972, 0.152388], [-0.40089, -0.474181, 0.783862]]], "btipPosition": [-69.188019, 294.91864, -60.047112], "carpPosition": [-131.643814, 272.423218, -1.887952], "dipPosition": [-75.513733, 287.436462, -47.678421], "direction": [0.695231, 0.266573, -0.667527], "extended": true, "handId": 15, "id": 150, "length": 45.737911, "mcpPosition": [-131.643814, 272.423218, -1.887952], "pipPosition": [-96.34198, 279.450256, -27.680149], "timeVisible": 13.545496, "tipPosition": [-69.188019, 294.91864, -60.047112], "type": 0, "width": 18.549995}, {"bases": [[[-0.901421, 0.10799, -0.41926], [0.134872, -0.85016, -0.508956], [-0.411401, -0.51533, 0.751787]], [[-0.933149, 0.079236, -0.350649], [-0.008267, -0.979878, -0.199425], [-0.359395, -0.183194, 0.915027]], [[-0.931234, 0.080352, -0.355454], [0.01233, -0.967883, -0.251098], [-0.364214, -0.238214, 0.900335]], [[-0.93154, 0.080138, -0.3547], [0.024029, -0.959717, -0.279938], [-0.362845, -0.269296, 0.892089]]], "btipPosition": [-80.939957, 307.546814, -129.738205], "carpPosition": [-133.73262, 257.998932, -16.168356], "dipPosition": [-85.027336, 304.513245, -119.689003], "direction": [0.364214, 0.238214, -0.900335], "extended": true, "handId": 15, "id": 151, "length": 50.686562, "mcpPosition": [-106.006935, 292.72879, -66.833839], "pipPosition": [-92.583649, 299.571045, -101.009834], "timeVisible": 13.545496, "tipPosition": [-80.939957, 307.546814, -129.738205], "type": 1, "width": 17.718956}, {"bases": [[[-0.958411, 0.180713, -0.220888], [-0.02853, -0.830772, -0.555881], [-0.283962, -0.526461, 0.801377]], [[-0.963951, 0.172927, -0.202223], [-0.123013, -0.963546, -0.237585], [-0.235936, -0.204144, 0.950084]], [[-0.963728, 0.173127, -0.203113], [-0.118642, -0.959628, -0.255027], [-0.239065, -0.221679, 0.945361]], [[-0.963728, 0.173127, -0.203113], [-0.118642, -0.959628, -0.255026], [-0.239065, -0.221678, 0.945361]]], "btipPosition": [-106.49707, 308.274139, -148.166672], "carpPosition": [-143.248276, 257.987122, -22.673971], "dipPosition": [-109.441559, 305.543793, -136.522949], "direction": [0.239065, 0.221679, -0.945361], "extended": true, "handId": 15, "id": 152, "length": 57.530075, "mcpPosition": [-125.100006, 291.633728, -73.890694], "pipPosition": [-115.270592, 300.138672, -113.472542], "timeVisible": 13.545496, "tipPosition": [-106.49707, 308.274139, -148.166672], "type": 2, "width": 17.40237}, {"bases": [[[-0.984856, 0.16338, -0.058013], [-0.105969, -0.832097, -0.544413], [-0.137219, -0.530021, 0.836809]], [[-0.981709, 0.172888, -0.079733], [-0.14535, -0.951075, -0.272633], [-0.122967, -0.256057, 0.958809]], [[-0.981643, 0.173028, -0.080235], [-0.14239, -0.944742, -0.295275], [-0.126892, -0.27843, 0.952037]], [[-0.981608, 0.173108, -0.080492], [-0.137968, -0.934682, -0.327619], [-0.131948, -0.310488, 0.941375]]], "btipPosition": [-136.202072, 311.949982, -144.865585], "carpPosition": [-153.46199, 261.215088, -25.625189], "dipPosition": [-137.826035, 308.128632, -133.279556], "direction": [0.126892, 0.27843, -0.952038], "extended": true, "handId": 15, "id": 153, "length": 55.353176, "mcpPosition": [-145.588196, 291.628387, -73.642387], "pipPosition": [-140.836472, 301.523041, -110.692993], "timeVisible": 13.545496, "tipPosition": [-136.202072, 311.949982, -144.865585], "type": 3, "width": 16.559458}, {"bases": [[[-0.96298, 0.236163, 0.129984], [-0.269564, -0.840091, -0.470725], [-0.00197, -0.488338, 0.872652]], [[-0.954892, 0.215634, 0.204165], [-0.215948, -0.976179, 0.021014], [0.203832, -0.024023, 0.978711]], [[-0.953068, 0.214928, 0.213233], [-0.236544, -0.968209, -0.081356], [0.188968, -0.127977, 0.973608]], [[-0.95293, 0.214774, 0.213999], [-0.259965, -0.942016, -0.212188], [0.156018, -0.257833, 0.95351]]], "btipPosition": [-175.623688, 300.196655, -127.020363], "carpPosition": [-164.467316, 268.402832, -23.135157], "dipPosition": [-173.830475, 297.233215, -116.061073], "direction": [-0.188968, 0.127977, -0.973608], "extended": true, "handId": 15, "id": 154, "length": 43.727974, "mcpPosition": [-164.362686, 294.342041, -69.488083], "pipPosition": [-170.656738, 295.083832, -99.709267], "timeVisible": 13.545496, "tipPosition": [-175.623688, 300.196655, -127.020363], "type": 4, "width": 14.709405}], "timestamp": 460032934, "label": 0}, {"currentFrameRate": 115.380478, "devices": [], "hands": [{"armBasis": [[-0.632344, 0.398656, -0.66424], [0.124617, -0.793918, -0.595118], [-0.764599, -0.459095, 0.45235]], "armWidth": 58.370655, "confidence": 0.849119, "direction": [0.266982, 0.414798, -0.869864], "elbow": [-355.541931, 136.115936, 118.381134], "grabAngle": 0.0, "grabStrength": 0.0, "id": 15, "palmNormal": [-0.067115, 0.90844, 0.412593], "palmPosition": [-135.983276, 282.561218, -46.843189], "palmVelocity": [-4.532322, -30.050364, 41.137718], "palmWidth": 83.351318, "pinchDistance": 56.50164, "pinchStrength": 0.0, "timeVisible": 13.744951, "type": "right", "wrist": [-166.431107, 249.665329, 6.500023]}], "id": 9916, "pointables": [{"bases": [[[-0.274723, -0.710759, -0.647572], [0.699519, -0.609815, 0.372557], [-0.659697, -0.350639, 0.66472]], [[-0.301025, -0.720729, -0.624446], [0.552601, -0.665507, 0.50173], [-0.777184, -0.194037, 0.59861]], [[-0.302649, -0.721251, -0.623058], [0.650992, -0.633902, 0.417586], [-0.696142, -0.279223, 0.661378]], [[-0.305581, -0.723092, -0.619482], [0.828771, -0.522304, 0.20084], [-0.468784, -0.452036, 0.758884]]], "btipPosition": [-70.787529, 290.519684, -54.489445], "carpPosition": [-133.446274, 266.43512, 3.795758], "dipPosition": [-78.180763, 283.390594, -42.52103], "direction": [0.696142, 0.279223, -0.661378], "extended": true, "handId": 15, "id": 150, "length": 45.723129, "mcpPosition": [-133.446274, 266.43512, 3.795758], "pipPosition": [-99.031639, 275.027283, -22.711397], "timeVisible": 13.744951, "tipPosition": [-70.787529, 290.519684, -54.489445], "type": 0, "width": 18.549995}, {"bases": [[[-0.902887, 0.120684, -0.41259], [0.129359, -0.839021, -0.528498], [-0.409953, -0.530547, 0.741929]], [[-0.936056, 0.088537, -0.340531], [-0.010104, -0.974188, -0.225512], [-0.351707, -0.207651, 0.912789]], [[-0.934088, 0.089814, -0.345561], [0.006494, -0.96341, -0.267954], [-0.356983, -0.252537, 0.899327]], [[-0.934371, 0.089602, -0.344851], [0.017767, -0.954942, -0.29626], [-0.355858, -0.282943, 0.890678]]], "btipPosition": [-83.532448, 304.31897, -123.720848], "carpPosition": [-135.726135, 252.371475, -10.89889], "dipPosition": [-87.54425, 301.129181, -113.679703], "direction": [0.356983, 0.252537, -0.899327], "extended": true, "handId": 15, "id": 151, "length": 50.718788, "mcpPosition": [-108.098045, 288.126801, -60.900013], "pipPosition": [-94.955833, 295.886078, -95.008125], "timeVisible": 13.744951, "tipPosition": [-83.532448, 304.31897, -123.720848], "type": 1, "width": 17.718956}, {"bases": [[[-0.958707, 0.189148, -0.212377], [-0.034179, -0.817983, -0.574226], [-0.282335, -0.543255, 0.790671]], [[-0.964524, 0.180368, -0.192772], [-0.125246, -0.955439, -0.267301], [-0.232395, -0.233674, 0.944134]], [[-0.96431, 0.180588, -0.193632], [-0.121546, -0.951624, -0.282202], [-0.235227, -0.248595, 0.939611]], [[-0.96431, 0.180588, -0.193632], [-0.121546, -0.951624, -0.282202], [-0.235227, -0.248595, 0.939611]]], "btipPosition": [-108.903107, 306.119476, -141.774597], "carpPosition": [-145.275497, 252.527054, -17.370476], "dipPosition": [-111.803062, 303.054718, -130.190781], "direction": [0.235227, 0.248595, -0.939611], "extended": true, "handId": 15, "id": 152, "length": 57.574566, "mcpPosition": [-127.231232, 287.247009, -67.902985], "pipPosition": [-117.543114, 296.988464, -107.262268], "timeVisible": 13.744951, "tipPosition": [-108.903107, 306.119476, -141.774597], "type": 2, "width": 17.40237}, {"bases": [[[-0.984483, 0.168263, -0.049813], [-0.111569, -0.81928, -0.562434], [-0.135448, -0.548149, 0.82534]], [[-0.981785, 0.17714, -0.0687], [-0.148721, -0.941529, -0.302332], [-0.118238, -0.286608, 0.950724]], [[-0.98173, 0.177276, -0.069138], [-0.14676, -0.936707, -0.317871], [-0.121113, -0.301916, 0.94561]], [[-0.981721, 0.177298, -0.069205], [-0.144069, -0.929862, -0.338528], [-0.124372, -0.322369, 0.938408]]], "btipPosition": [-138.737457, 309.500824, -138.3517], "carpPosition": [-155.488983, 255.826004, -20.221048], "dipPosition": [-140.269409, 305.530029, -126.792831], "direction": [0.121113, 0.301916, -0.94561], "extended": true, "handId": 15, "id": 153, "length": 55.393871, "mcpPosition": [-147.716827, 287.279541, -67.580154], "pipPosition": [-143.14502, 298.361542, -104.340935], "timeVisible": 13.744951, "tipPosition": [-138.737457, 309.500824, -138.3517], "type": 3, "width": 16.559458}, {"bases": [[[-0.961484, 0.23673, 0.139666], [-0.274859, -0.828323, -0.488194], [0.000118, -0.507779, 0.861487]], [[-0.952943, 0.213604, 0.215112], [-0.220561, -0.975335, -0.008586], [0.207972, -0.055627, 0.976552]], [[-0.951426, 0.212767, 0.222527], [-0.242432, -0.963267, -0.115512], [0.189776, -0.163849, 0.968059]], [[-0.951115, 0.212377, 0.224222], [-0.263275, -0.937105, -0.229173], [0.161449, -0.277002, 0.947209]]], "btipPosition": [-177.914215, 297.719818, -120.637085], "carpPosition": [-166.429276, 263.086273, -17.508789], "dipPosition": [-176.057236, 294.533752, -109.742317], "direction": [-0.189776, 0.163849, -0.968059], "extended": true, "handId": 15, "id": 154, "length": 43.77956, "mcpPosition": [-166.435562, 290.058136, -63.268658], "pipPosition": [-172.865326, 291.777924, -93.460182], "timeVisible": 13.744951, "tipPosition": [-177.914215, 297.719818, -120.637085], "type": 4, "width": 14.709405}], "timestamp": 460232389, "label": 0}, {"currentFrameRate": 115.374969, "devices": [], "hands": [{"armBasis": [[-0.632333, 0.432133, -0.642974], [0.110731, -0.77103, -0.627097], [-0.766742, -0.467732, 0.439698]], "armWidth": 58.370655, "confidence": 0.855029, "direction": [0.262783, 0.411826, -0.87255], "elbow": [-356.981079, 129.312012, 117.730888], "grabAngle": 0.0, "grabStrength": 0.0, "id": 15, "palmNormal": [-0.044245, 0.908525, 0.41548], "palmPosition": [-136.982773, 277.701416, -44.514683], "palmVelocity": [-9.403841, -13.21459, -0.46648], "palmWidth": 83.351318, "pinchDistance": 57.011532, "pinchStrength": 0.0, "timeVisible": 13.944395, "type": "right", "wrist": [-167.340332, 244.997604, 8.978982]}], "id": 9939, "pointables": [{"bases": [[[-0.296995, -0.70385, -0.645283], [0.692924, -0.623825, 0.361522], [-0.657001, -0.339762, 0.672988]], [[-0.31015, -0.708738, -0.633638], [0.546096, -0.67839, 0.491494], [-0.778194, -0.19359, 0.597442]], [[-0.311669, -0.70922, -0.632353], [0.639411, -0.648818, 0.412539], [-0.702863, -0.275758, 0.6557]], [[-0.314489, -0.710924, -0.629033], [0.812694, -0.544075, 0.208594], [-0.490536, -0.445611, 0.74887]]], "btipPosition": [-70.880219, 285.244934, -51.903465], "carpPosition": [-134.117905, 261.389862, 5.991867], "dipPosition": [-78.614395, 278.219086, -40.096199], "direction": [0.702863, 0.275758, -0.6557], "extended": true, "handId": 15, "id": 150, "length": 45.712265, "mcpPosition": [-134.117905, 261.389862, 5.991867], "pipPosition": [-99.661949, 269.961395, -20.46096], "timeVisible": 13.944395, "tipPosition": [-70.880219, 285.244934, -51.903465], "type": 0, "width": 18.549995}, {"bases": [[[-0.906035, 0.13872, -0.399822], [0.106189, -0.840008, -0.532081], [-0.409664, -0.52454, 0.746346]], [[-0.934022, 0.111464, -0.33938], [-0.026047, -0.968793, -0.2465], [-0.356265, -0.221397, 0.907777]], [[-0.932314, 0.11262, -0.343668], [-0.009733, -0.957746, -0.28745], [-0.361519, -0.264649, 0.894016]], [[-0.932646, 0.112358, -0.342852], [0.00599, -0.94532, -0.326089], [-0.360744, -0.306179, 0.880976]]], "btipPosition": [-84.32473, 299.97345, -121.398964], "carpPosition": [-136.825226, 247.398666, -8.669579], "dipPosition": [-88.393852, 296.519806, -111.461731], "direction": [0.361519, 0.264649, -0.894016], "extended": true, "handId": 15, "id": 151, "length": 50.735435, "mcpPosition": [-109.216614, 282.749207, -58.968384], "pipPosition": [-95.902664, 291.02301, -92.892883], "timeVisible": 13.944395, "tipPosition": [-84.32473, 299.97345, -121.398964], "type": 1, "width": 17.718956}, {"bases": [[[-0.957791, 0.207732, -0.198707], [-0.057535, -0.815775, -0.5755], [-0.28165, -0.539776, 0.793294]], [[-0.962097, 0.201205, -0.184083], [-0.146596, -0.95077, -0.273031], [-