[{ "currentFrameRate": 114.644821, "devices": [], "hands": [{ "armBasis": [
            [-0.873289, 0.483364, -0.061032],
            [-0.200494, -0.470717, -0.859202],
            [-0.444036, -0.738095, 0.507984]
        ], "armWidth": 56.194851, "confidence": 0.893658, "direction": [-0.072813, 0.412016, -0.908263], "elbow": [-253.79747, 19.066998, 170.688766], "grabAngle": 0.430314, "grabStrength": 0.0, "id": 485, "palmNormal": [0.196104, 0.898817, 0.39201], "palmPosition": [-137.725708, 233.595505, -11.729473], "palmVelocity": [-17.674915, 1.139608, -0.298647], "palmWidth": 82.147568, "pinchDistance": 75.876732, "pinchStrength": 0.0, "timeVisible": 11.185725, "type": "right", "wrist": [-145.558701, 198.986069, 46.861958] }], "id": 417200, "pointables": [{ "bases": [
            [
                [-0.583104, -0.663341, -0.469008],
                [0.727705, -0.683132, 0.061454],
                [-0.361159, -0.305465, 0.881053]
            ],
            [
                [-0.407089, -0.584909, -0.701542],
                [0.495282, -0.7867, 0.368509],
                [-0.767447, -0.197445, 0.609951]
            ],
            [
                [-0.400804, -0.582803, -0.706892],
                [0.584569, -0.756788, 0.292493],
                [-0.705433, -0.295995, 0.644012]
            ],
            [
                [-0.389962, -0.5761, -0.718359],
                [0.738682, -0.661497, 0.129504],
                [-0.549799, -0.480137, 0.683513]
            ]
        ], "btipPosition": [-54.534431, 239.952255, -22.280546], "carpPosition": [-115.442467, 215.863663, 32.255955], "dipPosition": [-62.865154, 232.677078, -11.923754], "direction": [0.705433, 0.295995, -0.644012], "extended": true, "handId": 485, "id": 4850, "length": 43.855122, "mcpPosition": [-115.442467, 215.863663, 32.255955], "pipPosition": [-83.113068, 224.181198, 6.561211], "timeVisible": 11.185725, "tipPosition": [-54.534431, 239.952255, -22.280546], "type": 0, "width": 17.672577 }, { "bases": [
            [
                [-0.976219, 0.216625, -0.008331],
                [-0.180226, -0.832347, -0.524135],
                [-0.120475, -0.510169, 0.851595]
            ],
            [
                [-0.954806, 0.268822, -0.12681],
                [-0.21702, -0.922032, -0.320561],
                [-0.203097, -0.278553, 0.938701]
            ],
            [
                [-0.953779, 0.270503, -0.130895],
                [-0.170756, -0.846272, -0.504645],
                [-0.24728, -0.458969, 0.853346]
            ],
            [
                [-0.952904, 0.272248, -0.133623],
                [-0.131908, -0.768809, -0.625726],
                [-0.273083, -0.57863, 0.768513]
            ]
        ], "btipPosition": [-102.64492, 262.101196, -94.707832], "carpPosition": [-125.837189, 202.76181, 20.893623], "dipPosition": [-105.617485, 255.802689, -86.342415], "direction": [0.24728, 0.458969, -0.853346], "extended": true, "handId": 485, "id": 4851, "length": 48.795143, "mcpPosition": [-117.835197, 236.647278, -35.669357], "pipPosition": [-110.567444, 246.615219, -69.260468], "timeVisible": 11.185725, "tipPosition": [-102.64492, 262.101196, -94.707832], "type": 1, "width": 16.880846 }, { "bases": [
            [
                [-0.938397, 0.284407, 0.196274],
                [-0.345275, -0.79474, -0.499174],
                [0.014018, -0.536192, 0.84398]
            ],
            [
                [-0.938935, 0.286998, 0.189826],
                [-0.315487, -0.938253, -0.141947],
                [0.137367, -0.193166, 0.971503]
            ],
            [
                [-0.939218, 0.290007, 0.183751],
                [-0.33856, -0.693554, -0.635893],
                [-0.056972, -0.659453, 0.749584]
            ],
            [
                [-0.938846, 0.292677, 0.181406],
                [-0.310236, -0.490381, -0.81442],
                [-0.149404, -0.820894, 0.551192]
            ]
        ], "btipPosition": [-139.935089, 271.805145, -97.516586], "carpPosition": [-136.672256, 204.803802, 19.054831], "dipPosition": [-141.728622, 261.950653, -90.899757], "direction": [0.056972, 0.659453, -0.749584], "extended": true, "handId": 485, "id": 4852, "length": 55.772205, "mcpPosition": [-137.555206, 238.577408, -34.105709], "pipPosition": [-143.077072, 246.3423, -73.158134], "timeVisible": 11.185725, "tipPosition": [-139.935089, 271.805145, -97.516586], "type": 2, "width": 16.579233 }, { "bases": [
            [
                [-0.89739, 0.261499, 0.355401],
                [-0.410814, -0.789077, -0.456717],
                [0.161008, -0.555857, 0.815537]
            ],
            [
                [-0.892092, 0.253125, 0.374299],
                [-0.313071, -0.943562, -0.108066],
                [0.32582, -0.213587, 0.92099]
            ],
            [
                [-0.893174, 0.256016, 0.369725],
                [-0.447705, -0.583798, -0.677304],
                [0.042445, -0.770478, 0.636053]
            ],
            [
                [-0.893015, 0.259021, 0.368012],
                [-0.430088, -0.250502, -0.867336],
                [-0.132471, -0.932822, 0.335104]
            ]
        ], "btipPosition": [-167.308212, 277.758423, -78.715439], "carpPosition": [-146.6465, 209.355408, 20.508011], "dipPosition": [-168.896683, 266.572876, -74.697174], "direction": [-0.042445, 0.770478, -0.636053], "extended": true, "handId": 485, "id": 4853, "length": 53.771057, "mcpPosition": [-155.751907, 240.790558, -25.612728], "pipPosition": [-167.915634, 248.764313, -59.995667], "timeVisible": 11.185725, "tipPosition": [-167.308212, 277.758423, -78.715439], "type": 3, "width": 15.776192 }, { "bases": [
            [
                [-0.792427, 0.322166, 0.517946],
                [-0.52954, -0.784786, -0.322022],
                [0.302732, -0.529452, 0.792486]
            ],
            [
                [-0.698154, 0.260758, 0.666773],
                [-0.260577, -0.959987, 0.102585],
                [0.666844, -0.102125, 0.738167]
            ],
            [
                [-0.654279, 0.23978, 0.717234],
                [-0.508601, -0.841402, -0.182668],
                [0.559682, -0.484301, 0.672464]
            ],
            [
                [-0.655973, 0.242878, 0.71464],
                [-0.732956, -0.431032, -0.526295],
                [0.180208, -0.869035, 0.460764]
            ]
        ], "btipPosition": [-201.45224, 262.762451, -51.628925], "carpPosition": [-155.672592, 215.085678, 26.656715], "dipPosition": [-199.494934, 253.323517, -46.624382], "direction": [-0.559682, 0.484301, -0.672464], "extended": true, "handId": 485, "id": 4854, "length": 40.917316, "mcpPosition": [-171.520676, 242.802597, -14.83005], "pipPosition": [-190.737534, 245.745605, -36.102264], "timeVisible": 11.185725, "tipPosition": [-201.45224, 262.762451, -51.628925], "type": 4, "width": 14.013647 }], "timestamp": 8141708575, "label": 0 }, { "currentFrameRate": 114.799194, "devices": [], "hands": [{ "armBasis": [
            [-0.874108, 0.481507, -0.063917],
            [-0.198733, -0.474597, -0.857475],
            [-0.443215, -0.736823, 0.51054]
        ], "armWidth": 56.194851, "confidence": 0.891729, "direction": [-0.080234, 0.420256, -0.903851], "elbow": [-254.902649, 19.920084, 170.736603], "grabAngle": 0.434196, "grabStrength": 0.0, "id": 485, "palmNormal": [0.187616, 0.896934, 0.400386], "palmPosition": [-139.507294, 234.680969, -12.058946], "palmVelocity": [-15.38166, 14.069472, -7.382839], "palmWidth": 82.147568, "pinchDistance": 76.132446, "pinchStrength": 0.0, "timeVisible": 11.290027, "type": "right", "wrist": [-146.863907, 199.529114, 46.286575] }], "id": 417212, "pointables": [{ "bases": [
            [
                [-0.577396, -0.664926, -0.4738],
                [0.735269, -0.675754, 0.052311],
                [-0.354955, -0.318167, 0.879077]
            ],
            [
                [-0.405672, -0.586032, -0.701425],
                [0.495738, -0.7858, 0.369814],
                [-0.767902, -0.1977, 0.609295]
            ],
            [
                [-0.399168, -0.583831, -0.70697],
                [0.588561, -0.754388, 0.290678],
                [-0.703037, -0.300066, 0.644748]
            ],
            [
                [-0.387927, -0.576647, -0.719021],
                [0.749032, -0.651826, 0.118638],
                [-0.537089, -0.492546, 0.684788]
            ]
        ], "btipPosition": [-56.191254, 241.182877, -22.868351], "carpPosition": [-116.870056, 216.772354, 31.693394], "dipPosition": [-64.332329, 233.716965, -12.488487], "direction": [0.703037, 0.300066, -0.644748], "extended": true, "handId": 485, "id": 4850, "length": 43.868927, "mcpPosition": [-116.870056, 216.772354, 31.693394], "pipPosition": [-84.517311, 225.10173, 6.022963], "timeVisible": 11.290027, "tipPosition": [-56.191254, 241.182877, -22.868351], "type": 0, "width": 17.672577 }, { "bases": [
            [
                [-0.978534, 0.206063, -0.003088],
                [-0.172891, -0.828979, -0.531887],
                [-0.112162, -0.519935, 0.84681]
            ],
            [
                [-0.956161, 0.262266, -0.13028],
                [-0.211672, -0.926399, -0.311415],
                [-0.202365, -0.270187, 0.941301]
            ],
            [
                [-0.955085, 0.264003, -0.134591],
                [-0.164939, -0.850939, -0.498697],
                [-0.246186, -0.454099, 0.856263]
            ],
            [
                [-0.954133, 0.2659, -0.137577],
                [-0.124925, -0.771225, -0.624184],
                [-0.272073, -0.578368, 0.769069]
            ]
        ], "btipPosition": [-104.592941, 263.279053, -95.261276], "carpPosition": [-127.184731, 203.672409, 20.221218], "dipPosition": [-107.556915, 256.978302, -86.883018], "direction": [0.246186, 0.454099, -0.856263], "extended": true, "handId": 485, "id": 4851, "length": 48.831055, "mcpPosition": [-119.734947, 238.206543, -36.023975], "pipPosition": [-112.488914, 247.881058, -69.728958], "timeVisible": 11.290027, "tipPosition": [-104.592941, 263.279053, -95.261276], "type": 1, "width": 16.880846 }, { "bases": [
            [
                [-0.940783, 0.272205, 0.202067],
                [-0.338255, -0.793421, -0.506031],
                [0.022581, -0.544416, 0.838512]
            ],
            [
                [-0.941354, 0.274568, 0.196124],
                [-0.301576, -0.945337, -0.124056],
                [0.151342, -0.175927, 0.9727]
            ],
            [
                [-0.94171, 0.277564, 0.190104],
                [-0.332663, -0.684002, -0.649213],
                [-0.050166, -0.674611, 0.736467]
            ],
            [
                [-0.941318, 0.280507, 0.187711],
                [-0.300856, -0.44525, -0.843349],
                [-0.152987, -0.850335, 0.503514]
            ]
        ], "btipPosition": [-142.534103, 273.157928, -97.037903], "carpPosition": [-138.050949, 205.580627, 18.415775], "dipPosition": [-144.373215, 262.93573, -90.98497], "direction": [0.050166, 0.674611, -0.736467], "extended": true, "handId": 485, "id": 4852, "length": 55.833302, "mcpPosition": [-139.473251, 239.872238, -34.400337], "pipPosition": [-145.561966, 246.950043, -73.533531], "timeVisible": 11.290027, "tipPosition": [-142.534103, 273.157928, -97.037903], "type": 2, "width": 16.579233 }, { "bases": [
            [
                [-0.899013, 0.248154, 0.360827],
                [-0.403713, -0.788896, -0.463313],
                [0.169682, -0.562195, 0.80941]
            ],
            [
                [-0.891345, 0.236565, 0.386706],
                [-0.298075, -0.948551, -0.106782],
                [0.34155, -0.210447, 0.916]
            ],
            [
                [-0.892118, 0.23844, 0.383759],
                [-0.447173, -0.587265, -0.674652],
                [0.064504, -0.773477, 0.630534]
            ],
            [
                [-0.892055, 0.240553, 0.382586],
                [-0.43685, -0.242144, -0.86633],
                [-0.115757, -0.939947, 0.321091]
            ]
        ], "btipPosition": [-170.529099, 278.799896, -78.475739], "carpPosition": [-148.074417, 209.983566, 19.941494], "dipPosition": [-171.917877, 267.523041, -74.623505], "direction": [-0.064504, 0.773477, -0.630534], "extended": true, "handId": 485, "id": 4853, "length": 53.795414, "mcpPosition": [-157.670364, 241.777145, -25.832794], "pipPosition": [-170.426239, 249.636734, -60.042679], "timeVisible": 11.290027, "tipPosition": [-170.529099, 278.799896, -78.475739], "type": 3, "width": 15.776192 }, { "bases": [
            [
                [-0.794185, 0.308333, 0.523641],
                [-0.52204, -0.787244, -0.328209],
                [0.311036, -0.534021, 0.78618]
            ],
            [
                [-0.701319, 0.247563, 0.668479],
                [-0.253293, -0.963106, 0.090938],
                [0.666329, -0.105545, 0.73815]
            ],
            [
                [-0.661875, 0.228771, 0.713853],
                [-0.496541, -0.847214, -0.188878],
                [0.561576, -0.479471, 0.674344]
            ],
            [
                [-0.662868, 0.230508, 0.712371],
                [-0.720461, -0.45536, -0.523051],
                [0.203818, -0.85995, 0.467916]
            ]
        ], "btipPosition": [-203.694519, 263.573608, -51.984306], "carpPosition": [-157.112366, 215.674332, 26.1936], "dipPosition": [-201.476196, 254.214035, -46.891579], "direction": [-0.561576, 0.479471, -0.674344], "extended": true, "handId": 485, "id": 4854, "length": 41.046097, "mcpPosition": [-173.395142, 243.630417, -14.963048], "pipPosition": [-192.652954, 246.680801, -36.296581], "timeVisible": 11.290027, "tipPosition": [-203.694519, 263.573608, -51.984306], "type": 4, "width": 14.013647 }], "timestamp": 8141812877, "label": 0 }, { "currentFrameRate": 115.347435, "devices": [], "hands": [{ "armBasis": [
            [-0.869428, 0.489886, -0.064089],
            [-0.206506, -0.478175, -0.853642],
            [-0.448833, -0.728945, 0.516902]
        ], "armWidth": 56.194851, "confidence": 0.894254, "direction": [-0.088004, 0.427731, -0.899612], "elbow": [-256.548065, 21.977385, 171.798294], "grabAngle": 0.404998, "grabStrength": 0.0, "id": 485, "palmNormal": [0.190937, 0.893613, 0.406201], "palmPosition": [-140.182709, 235.168839, -12.398757], "palmVelocity": [0.088408, -5.720856, 0.568428], "palmWidth": 82.147568, "pinchDistance": 76.658073, "pinchStrength": 0.0, "timeVisible": 11.385206, "type": "right", "wrist": [-147.14003, 199.666031, 45.797485] }], "id": 417223, "pointables": [{ "bases": [
            [
                [-0.581355, -0.661073, -0.474352],
                [0.735762, -0.676034, 0.040411],
                [-0.347392, -0.325517, 0.879407]
            ],
            [
                [-0.409295, -0.581528, -0.703067],
                [0.48783, -0.790655, 0.369981],
                [-0.771038, -0.191546, 0.607298]
            ],
            [
                [-0.401507, -0.578874, -0.709716],
                [0.593484, -0.754654, 0.279776],
                [-0.697545, -0.308873, 0.646551]
            ],
            [
                [-0.388365, -0.569726, -0.724283],
                [0.771815, -0.630522, 0.082121],
                [-0.503462, -0.52712, 0.684595]
            ]
        ], "btipPosition": [-56.921528, 241.841248, -23.538637], "carpPosition": [-117.1007, 216.894882, 31.022598], "dipPosition": [-64.560677, 233.84314, -13.151116], "direction": [0.697545, 0.308873, -0.646551], "extended": true, "handId": 485, "id": 4850, "length": 43.907574, "mcpPosition": [-117.1007, 216.894882, 31.022598], "pipPosition": [-84.604172, 224.967865, 5.427106], "timeVisible": 11.385206, "tipPosition": [-56.921528, 241.841248, -23.538637], "type": 0, "width": 17.672577 }, { "bases": [
            [
                [-0.978547, 0.205907, 0.006988],
                [-0.177343, -0.824565, -0.537254],
                [-0.104862, -0.526967, 0.843392]
            ],
            [
                [-0.956381, 0.264778, -0.123399],
                [-0.214523, -0.923315, -0.318541],
                [-0.198279, -0.278175, 0.939843]
            ],
            [
                [-0.955304, 0.266588, -0.127772],
                [-0.167984, -0.845164, -0.507425],
                [-0.243261, -0.463281, 0.85217]
            ],
            [
                [-0.954298, 0.268654, -0.130923],
                [-0.126045, -0.759014, -0.638757],
                [-0.270977, -0.593062, 0.758188]
            ]
        ], "btipPosition": [-105.656952, 264.638184, -95.59127], "carpPosition": [-127.570892, 203.892059, 19.502237], "dipPosition": [-108.614662, 258.164917, -87.315666], "direction": [0.243261, 0.463281, -0.85217], "extended": true, "handId": 485, "id": 4851, "length": 48.911892, "mcpPosition": [-120.605942, 238.89325, -36.515915], "pipPosition": [-113.496979, 248.866745, -70.212395], "timeVisible": 11.385206, "tipPosition": [-105.656952, 264.638184, -95.59127], "type": 1, "width": 16.880846 }, { "bases": [
            [
                [-0.939051, 0.27035, 0.212355],
                [-0.342484, -0.789253, -0.509691],
                [0.029807, -0.551354, 0.833739]
            ],
            [
                [-0.940061, 0.274156, 0.20279],
                [-0.3006, -0.947009, -0.113194],
                [0.161011, -0.167368, 0.972658]
            ],
            [
                [-0.940522, 0.277126, 0.19652],
                [-0.338038, -0.705639, -0.622739],
                [-0.033905, -0.652131, 0.757348]
            ],
            [
                [-0.940183, 0.280077, 0.193941],
                [-0.3122, -0.480536, -0.819522],
                [-0.136333, -0.831049, 0.539232]
            ]
        ], "btipPosition": [-144.370453, 272.778778, -98.323936], "carpPosition": [-138.454163, 205.837555, 17.817369], "dipPosition": [-146.011536, 262.775208, -91.833054], "direction": [0.033905, 0.652131, -0.757348], "extended": true, "handId": 485, "id": 4852, "length": 55.893497, "mcpPosition": [-140.331635, 240.566177, -34.698116], "pipPosition": [-146.815781, 247.306305, -73.868347], "timeVisible": 11.385206, "tipPosition": [-144.370453, 272.778778, -98.323936], "type": 2, "width": 16.579233 }, { "bases": [
            [
                [-0.895921, 0.24499, 0.370546],
                [-0.407575, -0.785094, -0.466379],
                [0.176656, -0.568865, 0.803235]
            ],
            [
                [-0.888275, 0.233823, 0.39534],
                [-0.294251, -0.950596, -0.098913],
                [0.352681, -0.204191, 0.913193]
            ],
            [
                [-0.889114, 0.235674, 0.392344],
                [-0.449901, -0.607464, -0.654658],
                [0.084049, -0.758582, 0.646135]
            ],
            [
                [-0.889106, 0.237734, 0.391117],
                [-0.448605, -0.283114, -0.847703],
                [-0.090797, -0.929155, 0.358367]
            ]
        ], "btipPosition": [-172.500061, 278.743347, -79.35453], "carpPosition": [-148.471786, 210.225418, 19.462957], "dipPosition": [-173.590393, 267.585602, -75.051086], "direction": [-0.084049, 0.758582, -0.646134], "extended": true, "handId": 485, "id": 4853, "length": 53.842518, "mcpPosition": [-158.462128, 242.396194, -25.962074], "pipPosition": [-171.645142, 250.028763, -60.096756], "timeVisible": 11.385206, "tipPosition": [-172.500061, 278.743347, -79.35453], "type": 3, "width": 15.776192 }, { "bases": [
            [
                [-0.789713, 0.303834, 0.532953],
                [-0.524743, -0.784585, -0.33026],
                [0.317803, -0.540474, 0.779031]
            ],
            [
                [-0.695348, 0.241574, 0.676855],
                [-0.253145, -0.963782, 0.083918],
                [0.672613, -0.11299, 0.731317]
            ],
            [
                [-0.655778, 0.223156, 0.721219],
                [-0.487234, -0.854828, -0.178528],
                [0.576678, -0.468477, 0.669307]
            ],
            [
                [-0.656992, 0.225145, 0.719494],
                [-0.71848, -0.476069, -0.507095],
                [0.228359, -0.850099, 0.474536]
            ]
        ], "btipPosition": [-205.140137, 264.016876, -51.808567], "carpPosition": [-157.48996, 215.823746, 25.823841], "dipPosition": [-202.652542, 254.756439, -46.639278], "direction": [-0.576678, 0.468477, -0.669307], "extended": true, "handId": 485, "id": 4854, "length": 41.087597, "mcpPosition": [-174.126999, 244.117645, -14.958578], "pipPosition": [-193.578934, 247.3853, -36.108231], "timeVisible": 11.385206, "tipPosition": [-205.140137, 264.016876, -51.808567], "type": 4, "width": 14.013647 }], "timestamp": 8141908056, "label": 0 }, { "currentFrameRate": 115.394493, "devices": [], "hands": [{ "armBasis": [
            [-0.868327, 0.491834, -0.064083],
            [-0.208117, -0.478573, -0.853027],
            [-0.450216, -0.72737, 0.517917]
        ], "armWidth": 56.194851, "confidence": 0.896246, "direction": [-0.089764, 0.430653, -0.898042], "elbow": [-256.853943, 21.977398, 171.850266], "grabAngle": 0.385547, "grabStrength": 0.0, "id": 485, "palmNormal": [0.19149, 0.892322, 0.40877], "palmPosition": [-140.241394, 234.939255, -12.51465], "palmVelocity": [-0.291353, 2.394766, 1.372195], "palmWidth": 82.147568, "pinchDistance": 76.663116, "pinchStrength": 0.0, "timeVisible": 11.489256, "type": "right", "wrist": [-147.108597, 199.282013, 45.602051] }], "id": 417235, "pointables": [{ "bases": [
            [
                [-0.582085, -0.659649, -0.475436],
                [0.735985, -0.675995, 0.036836],
                [-0.345691, -0.328472, 0.878979]
            ],
            [
                [-0.410293, -0.578995, -0.704574],
                [0.489615, -0.791661, 0.365444],
                [-0.769374, -0.195031, 0.608298]
            ],
            [
                [-0.402548, -0.576321, -0.711203],
                [0.593892, -0.755653, 0.276192],
                [-0.696598, -0.311197, 0.646458]
            ],
            [
                [-0.389458, -0.567188, -0.725686],
                [0.770144, -0.632683, 0.081181],
                [-0.505174, -0.527266, 0.68322]
            ]
        ], "btipPosition": [-56.958282, 241.682022, -23.785154], "carpPosition": [-117.069298, 216.518127, 30.797802], "dipPosition": [-64.624123, 233.680954, -13.417529], "direction": [0.696598, 0.311197, -0.646458], "extended": true, "handId": 485, "id": 4850, "length": 43.911068, "mcpPosition": [-117.069298, 216.518127, 30.797802], "pipPosition": [-84.641846, 224.738266, 5.15937], "timeVisible": 11.489256, "tipPosition": [-56.958282, 241.682022, -23.785154], "type": 0, "width": 17.672577 }, { "bases": [
            [
                [-0.978578, 0.205661, 0.009473],
                [-0.178155, -0.822843, -0.539621],
                [-0.103184, -0.529749, 0.841855]
            ],
            [
                [-0.956735, 0.264779, -0.12062],
                [-0.215083, -0.922793, -0.319677],
                [-0.195951, -0.279903, 0.939818]
            ],
            [
                [-0.955643, 0.266638, -0.125103],
                [-0.169393, -0.845054, -0.507139],
                [-0.240941, -0.463452, 0.852736]
            ],
            [
                [-0.954616, 0.268766, -0.128348],
                [-0.127822, -0.758923, -0.638512],
                [-0.269017, -0.593128, 0.758834]
            ]
        ], "btipPosition": [-105.903198, 264.561951, -95.769775], "carpPosition": [-127.558281, 203.557678, 19.254957], "dipPosition": [-108.840462, 258.085876, -87.484436], "direction": [0.240941, 0.463452, -0.852736], "extended": true, "handId": 485, "id": 4851, "length": 48.925797, "mcpPosition": [-120.704819, 238.743622, -36.66111], "pipPosition": [-113.677711, 248.781387, -70.364487], "timeVisible": 11.489256, "tipPosition": [-105.903198, 264.561951, -95.769775], "type": 1, "width": 16.880846 }, { "bases": [
            [
                [-0.938716, 0.26944, 0.214977],
                [-0.343252, -0.787658, -0.511637],
                [0.031473, -0.554073, 0.831873]
            ],
            [
                [-0.939723, 0.273219, 0.205602],
                [-0.300961, -0.946301, -0.118057],
                [0.162306, -0.172819, 0.971489]
            ],
            [
                [-0.940206, 0.276141, 0.199397],
                [-0.339514, -0.712955, -0.613535],
                [-0.027261, -0.644547, 0.764078]
            ],
            [
                [-0.939903, 0.279007, 0.196816],
                [-0.316775, -0.497451, -0.807587],
                [-0.127416, -0.8214, 0.555938]
            ]
        ], "btipPosition": [-144.783142, 272.55481, -98.734482], "carpPosition": [-138.444611, 205.518311, 17.604776], "dipPosition": [-146.31694, 262.667053, -92.042267], "direction": [0.027261, 0.644547, -0.764078], "extended": true, "handId": 485, "id": 4852, "length": 55.894592, "mcpPosition": [-140.427002, 240.418213, -34.793179], "pipPosition": [-146.963577, 247.378174, -73.918076], "timeVisible": 11.489256, "tipPosition": [-144.783142, 272.55481, -98.734482], "type": 2, "width": 16.579233 }, { "bases": [
            [
                [-0.895288, 0.243572, 0.373004],
                [-0.408264, -0.783656, -0.468191],
                [0.178269, -0.57145, 0.80104]
            ],
            [
                [-0.887753, 0.232661, 0.397194],
                [-0.292403, -0.951442, -0.096222],
                [0.35552, -0.201562, 0.912677]
            ],
            [
                [-0.888649, 0.234556, 0.394063],
                [-0.448955, -0.620172, -0.643293],
                [0.093499, -0.748579, 0.656421]
            ],
            [
                [-0.888672, 0.236633, 0.392768],
                [-0.452335, -0.311925, -0.835521],
                [-0.075197, -0.920167, 0.384237]
            ]
        ], "btipPosition": [-173.090805, 278.137268, -79.93721], "carpPosition": [-148.458313, 209.910538, 19.287607], "dipPosition": [-173.993805, 267.087494, -75.323128], "direction": [-0.093499, 0.748579, -0.656421], "extended": true, "handId": 485, "id": 4853, "length": 53.843468, "mcpPosition": [-158.539871, 242.227554, -26.0133], "pipPosition": [-171.829865, 249.762329, -60.130871], "timeVisible": 11.489256, "tipPosition": [-173.090805, 278.137268, -79.93721], "type": 3, "width": 15.776192 }, { "bases": [
            [
                [-0.788792, 0.301908, 0.535406],
                [-0.52518, -0.783619, -0.331854],
                [0.319365, -0.542948, 0.776668]
            ],
            [
                [-0.692738, 0.238418, 0.68064],
                [-0.251756, -0.964347, 0.081566],
                [0.675821, -0.114851, 0.728063]
            ],
            [
                [-0.651557, 0.219832, 0.72605],
                [-0.477763, -0.862344, -0.167646],
                [0.589251, -0.45611, 0.666893]
            ],
            [
                [-0.653357, 0.222643, 0.72357],
                [-0.71692, -0.489011, -0.496884],
                [0.243206, -0.843385, 0.479116]
            ]
        ], "btipPosition": [-205.646439, 263.524994, -51.725689], "carpPosition": [-157.488342, 215.428925, 25.671242], "dipPosition": [-202.99823, 254.341599, -46.50872], "direction": [-0.589251, 0.45611, -0.666893], "extended": true, "handId": 485, "id": 4854, "length": 41.057205, "mcpPosition": [-174.207138, 243.852371, -14.987478], "pipPosition": [-193.734375, 247.170898, -36.024212], "timeVisible": 11.489256, "tipPosition": [-205.646439, 263.524994, -51.725689], "type": 4, "width": 14.013647 }], "timestamp": 8142012106, "label": 0 }], [{ "currentFrameRate": 111.385239, "devices": [], "hands": [{ "armBasis": [
                [-0.863593, 0.500661, -0.059552],
                [-0.215124, -0.472714, -0.854554],
                [-0.455993, -0.725176, 0.515937]
            ], "armWidth": 56.194851, "confidence": 0.893941, "direction": [-0.092361, 0.420932, -0.902378], "elbow": [-259.422699, 21.930393, 170.293182], "grabAngle": 0.450072, "grabStrength": 0.0, "id": 485, "palmNormal": [0.199081, 0.89576, 0.397469], "palmPosition": [-141.467865, 233.751556, -13.935926], "palmVelocity": [-3.287754, -6.712938, -7.427131], "palmWidth": 82.147568, "pinchDistance": 76.268227, "pinchStrength": 0.0, "timeVisible": 11.794842, "type": "right", "wrist": [-148.269333, 198.700195, 44.527737] }], "id": 417269, "pointables": [{ "bases": [
                [
                    [-0.588673, -0.661537, -0.464577],
                    [0.732187, -0.679905, 0.040388],
                    [-0.342586, -0.316382, 0.884611]
                ],
                [
                    [-0.415011, -0.58236, -0.699016],
                    [0.489519, -0.790544, 0.367982],
                    [-0.766901, -0.189465, 0.613161]
                ],
                [
                    [-0.405303, -0.578877, -0.707553],
                    [0.613221, -0.746172, 0.259205],
                    [-0.678004, -0.32883, 0.657405]
                ],
                [
                    [-0.390017, -0.566513, -0.725913],
                    [0.808053, -0.588572, 0.025181],
                    [-0.441517, -0.576755, 0.687325]
                ]
            ], "btipPosition": [-59.736538, 241.79071, -25.729156], "carpPosition": [-118.208412, 215.622971, 29.400339], "dipPosition": [-66.429871, 233.047195, -15.30941], "direction": [0.678004, 0.32883, -0.657405], "extended": true, "handId": 485, "id": 4850, "length": 43.873013, "mcpPosition": [-118.208412, 215.622971, 29.400339], "pipPosition": [-85.897507, 223.605453, 3.566784], "timeVisible": 11.794842, "tipPosition": [-59.736538, 241.79071, -25.729156], "type": 0, "width": 17.672577 }, { "bases": [
                [
                    [-0.977278, 0.211582, 0.012658],
                    [-0.186085, -0.827855, -0.529178],
                    [-0.101485, -0.519509, 0.848417]
                ],
                [
                    [-0.958352, 0.264903, -0.106717],
                    [-0.219718, -0.922607, -0.317049],
                    [-0.182445, -0.280397, 0.942386]
                ],
                [
                    [-0.957188, 0.26701, -0.111787],
                    [-0.176013, -0.843463, -0.507533],
                    [-0.229804, -0.466128, 0.85435]
                ],
                [
                    [-0.956138, 0.269285, -0.115266],
                    [-0.137357, -0.759748, -0.635544],
                    [-0.258716, -0.591835, 0.763412]
                ]
            ], "btipPosition": [-108.080261, 262.943146, -97.383408], "carpPosition": [-128.76947, 202.623688, 18.117853], "dipPosition": [-110.897255, 256.499023, -89.071091], "direction": [0.229804, 0.466128, -0.85435], "extended": true, "handId": 485, "id": 4851, "length": 48.807804, "mcpPosition": [-122.028816, 237.129547, -38.234051], "pipPosition": [-115.498695, 247.165604, -71.964188], "timeVisible": 11.794842, "tipPosition": [-108.080261, 262.943146, -97.383408], "type": 1, "width": 16.880846 }, { "bases": [
                [
                    [-0.935866, 0.277457, 0.217191],
                    [-0.35081, -0.791371, -0.500664],
                    [0.032966, -0.544747, 0.837952]
                ],
                [
                    [-0.937812, 0.284465, 0.198967],
                    [-0.307738, -0.946483, -0.097299],
                    [0.160641, -0.152478, 0.975164]
                ],
                [
                    [-0.938501, 0.289045, 0.188861],
                    [-0.342746, -0.71382, -0.610725],
                    [-0.041714, -0.637898, 0.76899]
                ],
                [
                    [-0.937954, 0.293352, 0.184897],
                    [-0.316078, -0.503991, -0.803796],
                    [-0.142609, -0.812365, 0.565443]
                ]
            ], "btipPosition": [-145.47522, 270.010132, -100.463982], "carpPosition": [-139.640045, 204.705002, 16.527588], "dipPosition": [-147.188065, 260.252991, -93.672569], "direction": [0.041714, 0.637898, -0.76899], "extended": true, "handId": 485, "id": 4852, "length": 55.793938, "mcpPosition": [-141.716507, 239.017517, -36.253265], "pipPosition": [-148.175797, 245.148575, -75.464088], "timeVisible": 11.794842, "tipPosition": [-145.47522, 270.010132, -100.463982], "type": 2, "width": 16.579233 }, { "bases": [
                [
                    [-0.891688, 0.253131, 0.375255],
                    [-0.415547, -0.786488, -0.4569],
                    [0.179478, -0.563349, 0.80649]
                ],
                [
                    [-0.888221, 0.248196, 0.386604],
                    [-0.300292, -0.950512, -0.079698],
                    [0.34769, -0.186884, 0.918796]
                ],
                [
                    [-0.890319, 0.253441, 0.378287],
                    [-0.453539, -0.567368, -0.687311],
                    [0.040435, -0.783493, 0.620083]
                ],
                [
                    [-0.889957, 0.258931, 0.375409],
                    [-0.429095, -0.196641, -0.881595],
                    [-0.154451, -0.945668, 0.286108]
                ]
            ], "btipPosition": [-171.818573, 277.574799, -79.483864], "carpPosition": [-149.597397, 209.250504, 18.235415], "dipPosition": [-173.672806, 266.221771, -76.049049], "direction": [-0.040435, 0.783493, -0.620083], "extended": true, "handId": 485, "id": 4853, "length": 53.825855, "mcpPosition": [-159.74736, 241.10936, -27.373692], "pipPosition": [-172.737122, 248.091354, -61.700024], "timeVisible": 11.794842, "tipPosition": [-171.818573, 277.574799, -79.483864], "type": 3, "width": 15.776192 }, { "bases": [
                [
                    [-0.783923, 0.312676, 0.536376],
                    [-0.531679, -0.784202, -0.319914],
                    [0.320598, -0.535967, 0.780997]
                ],
                [
                    [-0.688676, 0.252856, 0.679551],
                    [-0.247036, -0.962973, 0.107962],
                    [0.681688, -0.093522, 0.725641]
                ],
                [
                    [-0.633728, 0.229203, 0.73882],
                    [-0.488808, -0.858902, -0.152822],
                    [0.599546, -0.457989, 0.656346]
                ],
                [
                    [-0.637429, 0.235722, 0.733567],
                    [-0.752688, -0.394075, -0.527414],
                    [0.164757, -0.888336, 0.42862]
                ]
            ], "btipPosition": [-206.032028, 261.988007, -51.868927], "carpPosition": [-158.664139, 214.531433, 24.596146], "dipPosition": [-204.248245, 252.370224, -47.228371], "direction": [-0.599546, 0.457989, -0.656346], "extended": true, "handId": 485, "id": 4854, "length": 40.643608, "mcpPosition": [-175.44751, 242.589417, -16.289179], "pipPosition": [-194.946243, 245.264496, -37.045113], "timeVisible": 11.794842, "tipPosition": [-206.032028, 261.988007, -51.868927], "type": 4, "width": 14.013647 }], "timestamp": 8142317692, "label": 0 },