[{
    "currentFrameRate": 23.138206,
    "devices": [],
    "hands": [{
            "armBasis": [
                [-0.254184,
                    0.536031,
                    0.805022
                ],
                [
                    0.62117,
                    0.728471, -0.288925
                ],
                [
                    0.741308, -0.426616,
                    0.518132
                ]
            ],
            "armWidth": 62.51573,
            "confidence": 0.582349,
            "direction": [-0.873687,
                0.472977, -0.113859
            ],
            "elbow": [
                363.7815,
                9.290253,
                195.6187
            ],
            "grabAngle": 2.032221,
            "grabStrength": 0,
            "id": 231,
            "palmNormal": [-0.483431, -0.817882,
                0.312032
            ],
            "palmPosition": [
                112.9,
                144.84938,
                46.721878
            ],
            "palmVelocity": [
                1.944361,
                4.247836, -8.605612
            ],
            "palmWidth": 85.27623,
            "pinchDistance": 49.954586,
            "pinchStrength": 0.759039,
            "timeVisible": 30.38866,
            "type": "left",
            "wrist": [
                176.19699,
                117.243324,
                64.507835
            ]
        },
        {
            "armBasis": [
                [
                    0.427077,
                    0.244404,
                    0.870558
                ],
                [-0.600335,
                    0.796602,
                    0.07087
                ],
                [-0.676168, -0.552894,
                    0.486935
                ]
            ],
            "armWidth": 62.51573,
            "confidence": 0.593995,
            "direction": [
                0.950567,
                0.308907,
                0.031613
            ],
            "elbow": [-337.4417, -4.152747,
                177.91655
            ],
            "grabAngle": 2.635001,
            "grabStrength": 0,
            "id": 233,
            "palmNormal": [
                0.310501, -0.946708, -0.085631
            ],
            "palmPosition": [-99.58636,
                157.40611,
                43.978497
            ],
            "palmVelocity": [
                0.778123,
                0.539624,
                0.04865
            ],
            "palmWidth": 85.27623,
            "pinchDistance": 46.296383,
            "pinchStrength": 1,
            "timeVisible": 13.25246,
            "type": "right",
            "wrist": [-166.34071,
                135.75438,
                54.700005
            ]
        }
    ],
    "id": 119226,
    "pointables": [{
            "bases": [
                [
                    [-0.093006,
                        0.402424,
                        0.910717
                    ],
                    [
                        0.348962,
                        0.869838, -0.348723
                    ],
                    [
                        0.93251, -0.285373,
                        0.221331
                    ]
                ],
                [
                    [
                        0.246117,
                        0.333044,
                        0.910224
                    ],
                    [
                        0.019721,
                        0.937196, -0.348245
                    ],
                    [
                        0.96904, -0.10366, -0.224091
                    ]
                ],
                [
                    [
                        0.235945,
                        0.334081,
                        0.912535
                    ],
                    [
                        0.013558,
                        0.937824, -0.346845
                    ],
                    [
                        0.971672, -0.094209, -0.216745
                    ]
                ],
                [
                    [
                        0.222978,
                        0.333805,
                        0.91589
                    ],
                    [-0.217438,
                        0.932905, -0.287069
                    ],
                    [
                        0.950264,
                        0.135139, -0.280599
                    ]
                ]
            ],
            "btipPosition": [
                24.6281,
                154.68452,
                37.309055
            ],
            "carpPosition": [
                157.74796,
                130.60458,
                36.117367
            ],
            "dipPosition": [
                35.666714,
                156.25435,
                34.04951
            ],
            "direction": [-0.971672,
                0.094209,
                0.216745
            ],
            "extended": true,
            "handId": 231,
            "id": 2311,
            "length": 52.086136,
            "mcpPosition": [
                93.45161,
                150.28096,
                20.856667
            ],
            "pipPosition": [
                56.427925,
                154.24144,
                29.41843
            ],
            "timeVisible": 30.38866,
            "tipPosition": [
                24.6281,
                154.68452,
                37.309055
            ],
            "type": 1,
            "width": 19.349998
        },
        {
            "bases": [
                [
                    [-0.024283,
                        0.205947,
                        0.978262
                    ],
                    [
                        0.348603,
                        0.918873, -0.184791
                    ],
                    [
                        0.936956, -0.336538,
                        0.094107
                    ]
                ],
                [
                    [
                        0.077894,
                        0.173227,
                        0.981797
                    ],
                    [
                        0.261697,
                        0.946703, -0.187798
                    ],
                    [
                        0.962002, -0.271562, -0.02841
                    ]
                ],
                [
                    [
                        0.077612,
                        0.173264,
                        0.981813
                    ],
                    [-0.030983,
                        0.984727, -0.171329
                    ],
                    [
                        0.996502,
                        0.017123, -0.081795
                    ]
                ],
                [
                    [
                        0.077616,
                        0.173264,
                        0.981812
                    ],
                    [-0.056859,
                        0.98395, -0.169146
                    ],
                    [
                        0.995361,
                        0.042697, -0.086222
                    ]
                ]
            ],
            "btipPosition": [
                15.831424,
                169.1346,
                44.61731
            ],
            "carpPosition": [
                155.8994,
                136.50252,
                46.40431
            ],
            "dipPosition": [
                28.508482,
                169.67839,
                43.519176
            ],
            "direction": [-0.996502, -0.017123,
                0.081795
            ],
            "extended": true,
            "handId": 231,
            "id": 2312,
            "length": 59.214146,
            "mcpPosition": [
                94.63478,
                158.50769,
                40.25096
            ],
            "pipPosition": [
                53.539207,
                170.10849,
                41.4646
            ],
            "timeVisible": 30.38866,
            "tipPosition": [
                15.831424,
                169.1346,
                44.61731
            ],
            "type": 2,
            "width": 19.004269
        },
        {
            "bases": [
                [
                    [
                        0.156175, -0.038053,
                        0.986996
                    ],
                    [-0.167973,
                        0.983679,
                        0.064504
                    ],
                    [-0.973342, -0.175863,
                        0.147234
                    ]
                ],
                [
                    [-0.152172, -0.05994,
                        0.986535
                    ],
                    [
                        0.02715,
                        0.997529,
                        0.064796
                    ],
                    [-0.987981,
                        0.036645, -0.150169
                    ]
                ],
                [
                    [-0.129335, -0.061905,
                        0.989667
                    ],
                    [
                        0.124134,
                        0.989187,
                        0.078097
                    ],
                    [-0.9838,
                        0.132952, -0.120252
                    ]
                ],
                [
                    [-0.120727, -0.064731,
                        0.990573
                    ],
                    [
                        0.468137,
                        0.876231,
                        0.114314
                    ],
                    [-0.87537,
                        0.477524, -0.075482
                    ]
                ]
            ],
            "btipPosition": [-11.526224,
                159.90749,
                30.125027
            ],
            "carpPosition": [-146.43864,
                157.39156,
                31.241274
            ],
            "dipPosition": [-21.50518,
                165.35112,
                29.264559
            ],
            "direction": [
                0.9838, -0.132952,
                0.120252
            ],
            "extended": true,
            "handId": 233,
            "id": 2331,
            "length": 51.18467,
            "mcpPosition": [-79.32695,
                169.51724,
                21.089525
            ],
            "pipPosition": [-42.121784,
                168.13728,
                26.744543
            ],
            "timeVisible": 13.25246,
            "tipPosition": [-11.526224,
                159.90749,
                30.125027
            ],
            "type": 1,
            "width": 19.349998
        },
        {
            "bases": [
                [
                    [
                        0.283824,
                        0.955679,
                        0.078243
                    ],
                    [
                        0.513336, -0.082518, -0.854211
                    ],
                    [
                        0.809895, -0.28261,
                        0.514005
                    ]
                ],
                [
                    [
                        0.033408,
                        0.998911, -0.032559
                    ],
                    [
                        0.269184, -0.040367, -0.962242
                    ],
                    [
                        0.962509, -0.023382,
                        0.27024
                    ]
                ],
                [
                    [
                        0.066377,
                        0.997161, -0.03555
                    ],
                    [-0.440197, -0.002709, -0.897897],
                    [
                        0.895444, -0.075248, -0.438768
                    ]
                ],
                [
                    [
                        0.090943,
                        0.993649, -0.066262
                    ],
                    [-0.96874,
                        0.07285, -0.23714
                    ],
                    [
                        0.230807, -0.085757, -0.969213
                    ]
                ]
            ],
            "btipPosition": [
                79.37845,
                114.33961,
                53.965015
            ],
            "carpPosition": [
                153.70424,
                109.60091,
                36.992195
            ],
            "dipPosition": [
                83.110405,
                112.95299,
                38.293667
            ],
            "direction": [-0.895444,
                0.075248,
                0.438768
            ],
            "extended": false,
            "handId": 231,
            "id": 2310,
            "length": 46.772583,
            "mcpPosition": [
                153.70424,
                109.60091,
                36.992195
            ],
            "pipPosition": [
                110.51408,
                110.65013,
                24.865868
            ],
            "timeVisible": 30.38866,
            "tipPosition": [
                79.37845,
                114.33961,
                53.965015
            ],
            "type": 0,
            "width": 20.257536
        },
        {
            "bases": [
                [
                    [
                        0.087653,
                        0.084319,
                        0.992576
                    ],
                    [
                        0.375668,
                        0.920043, -0.111332
                    ],
                    [
                        0.9226, -0.382638, -0.048968
                    ]
                ],
                [
                    [
                        0.074993,
                        0.080892,
                        0.993898
                    ],
                    [-0.798231,
                        0.602248,
                        0.011213
                    ],
                    [
                        0.597665,
                        0.7942, -0.109735
                    ]
                ],
                [
                    [
                        0.064983,
                        0.147528,
                        0.986921
                    ],
                    [-0.588642, -0.792944,
                        0.157291
                    ],
                    [-0.805778,
                        0.591164, -0.035314
                    ]
                ],
                [
                    [
                        0.033371,
                        0.156655,
                        0.987089
                    ],
                    [
                        0.076963, -0.98511,
                        0.153739
                    ],
                    [-0.996475, -0.070839,
                        0.044931
                    ]
                ]
            ],
            "btipPosition": [
                108.85499,
                115.76841,
                65.0832
            ],
            "carpPosition": [
                154.01726,
                138.90237,
                57.516373
            ],
            "dipPosition": [
                95.99006,
                114.85385,
                65.66328
            ],
            "direction": [
                0.805778, -0.591164,
                0.035314
            ],
            "extended": false,
            "handId": 231,
            "id": 2313,
            "length": 57.823475,
            "mcpPosition": [
                99.85467,
                161.36569,
                60.391125
            ],
            "pipPosition": [
                75.92872,
                129.57199,
                64.78408
            ],
            "timeVisible": 30.38866,
            "tipPosition": [
                108.85499,
                115.76841,
                65.0832
            ],
            "type": 3,
            "width": 18.083767
        },
        {
            "bases": [
                [
                    [
                        0.13056, -0.113718,
                        0.984897
                    ],
                    [
                        0.464752,
                        0.884513,
                        0.040519
                    ],
                    [
                        0.875762, -0.452443, -0.168333
                    ]
                ],
                [
                    [
                        0.122788, -0.115418,
                        0.985699
                    ],
                    [-0.771017,
                        0.614263,
                        0.167971
                    ],
                    [
                        0.624865,
                        0.780615,
                        0.013565
                    ]
                ],
                [
                    [
                        0.118671, -0.057202,
                        0.991285
                    ],
                    [-0.675486, -0.736373,
                        0.038373
                    ],
                    [-0.72776,
                        0.674153,
                        0.126025
                    ]
                ],
                [
                    [
                        0.093197, -0.04608,
                        0.994581
                    ],
                    [-0.080931, -0.995973, -0.03856],
                    [-0.992353,
                        0.076899,
                        0.096551
                    ]
                ]
            ],
            "btipPosition": [
                110.45697,
                122.66549,
                75.685005
            ],
            "carpPosition": [
                153.31798,
                135.66995,
                70.33303
            ],
            "dipPosition": [
                98.63437,
                123.58164,
                76.83529
            ],
            "direction": [
                0.72776, -0.674153, -0.126025
            ],
            "extended": false,
            "handId": 231,
            "id": 2314,
            "length": 45.387856,
            "mcpPosition": [
                105.725555,
                160.25748,
                79.48092
            ],
            "pipPosition": [
                85.84837,
                135.42581,
                79.04942
            ],
            "timeVisible": 30.38866,
            "tipPosition": [
                110.45697,
                122.66549,
                75.685005
            ],
            "type": 4,
            "width": 16.063416
        },
        {
            "bases": [
                [
                    [-0.093633,
                        0.870335,
                        0.483477
                    ],
                    [-0.507035,
                        0.376235, -0.775476
                    ],
                    [-0.856825, -0.31775,
                        0.406062
                    ]
                ],
                [
                    [
                        0.038739,
                        0.903494,
                        0.426846
                    ],
                    [-0.376964,
                        0.408818, -0.831123
                    ],
                    [-0.925418, -0.128709,
                        0.356422
                    ]
                ],
                [
                    [
                        0.028959,
                        0.903659,
                        0.427273
                    ],
                    [
                        0.316521,
                        0.397166, -0.861437
                    ],
                    [-0.948143,
                        0.160187, -0.274526
                    ]
                ],
                [
                    [
                        0.020065,
                        0.907607,
                        0.41934
                    ],
                    [
                        0.946982,
                        0.117267, -0.29912
                    ],
                    [-0.320658,
                        0.40311, -0.857135
                    ]
                ]
            ],
            "btipPosition": [-70.86265,
                132.0149,
                29.795258
            ],
            "carpPosition": [-146.43394,
                137.63339,
                23.573141
            ],
            "dipPosition": [-76.030975,
                138.51216,
                15.980063
            ],
            "direction": [
                0.948143, -0.160187,
                0.274526
            ],
            "extended": false,
            "handId": 233,
            "id": 2330,
            "length": 46.635937,
            "mcpPosition": [-146.43394,
                137.63339,
                23.573141
            ],
            "pipPosition": [-104.96648,
                143.40077,
                7.602072
            ],
            "timeVisible": 13.25246,
            "tipPosition": [-70.86265,
                132.0149,
                29.795258
            ],
            "type": 0,
            "width": 20.257536
        },
        {
            "bases": [
                [
                    [
                        0.049569, -0.228595,
                        0.972259
                    ],
                    [-0.16048,
                        0.958984,
                        0.233656
                    ],
                    [-0.985794, -0.16761,
                        0.010851
                    ]
                ],
                [
                    [-0.010026, -0.225798,
                        0.974122
                    ],
                    [
                        0.263758,
                        0.939074,
                        0.220389
                    ],
                    [-0.964537,
                        0.259142,
                        0.050141
                    ]
                ],
                [
                    [
                        3.19E-4, -0.239426,
                        0.970915
                    ],
                    [
                        0.999517, -0.030089, -0.007749
                    ],
                    [
                        0.031069,
                        0.970448,
                        0.239301
                    ]
                ],
                [
                    [-0.011915, -0.252366,
                        0.967559
                    ],
                    [
                        0.119265, -0.961079, -0.249207
                    ],
                    [
                        0.992791,
                        0.112426,
                        0.04155
                    ]
                ]
            ],
            "btipPosition": [-51.10094,
                131.5535,
                33.788223
            ],
            "carpPosition": [-143.2325,
                157.91629,
                43.290447
            ],
            "dipPosition": [-38.192566,
                133.01527,
                34.32846
            ],
            "direction": [-0.031069, -0.970448, -0.239301],
            "extended": false,
            "handId": 233,
            "id": 2332,
            "length": 59.947826,
            "mcpPosition": [-78.774536,
                168.87581,
                42.580963
            ],
            "pipPosition": [-37.40037,
                157.7598,
                40.430153
            ],
            "timeVisible": 13.25246,
            "tipPosition": [-51.10094,
                131.5535,
                33.788223
            ],
            "type": 2,
            "width": 19.004269
        },
        {
            "bases": [
                [
                    [-0.084084, -0.322406,
                        0.94286
                    ],
                    [-0.187872,
                        0.93437,
                        0.302749
                    ],
                    [-0.978588, -0.151681, -0.139136]
                ],
                [
                    [-0.075955, -0.326182,
                        0.942251
                    ],
                    [
                        0.867564,
                        0.444177,
                        0.223697
                    ],
                    [-0.491492,
                        0.834453,
                        0.249246
                    ]
                ],
                [
                    [-0.071028, -0.307774,
                        0.948805
                    ],
                    [
                        0.529804, -0.81758, -0.225546
                    ],
                    [
                        0.845141,
                        0.486661,
                        0.221131
                    ]
                ],
                [
                    [-0.061142, -0.30606,
                        0.950047
                    ],
                    [-0.157978, -0.936863, -0.311979],
                    [
                        0.985548, -0.169161,
                        0.008931
                    ]
                ]
            ],
            "btipPosition": [-97.864815,
                120.76666,
                46.843765
            ],
            "carpPosition": [-141.22037,
                155.00113,
                54.207417
            ],
            "dipPosition": [-85.18934,
                118.59102,
                46.95863
            ],
            "direction": [-0.845141, -0.486661, -0.221131],
            "extended": false,
            "handId": 233,
            "id": 2333,
            "length": 57.607277,
            "mcpPosition": [-83.77092,
                163.90576,
                62.375618
            ],
            "pipPosition": [-64.19959,
                130.67763,
                52.45059
            ],
            "timeVisible": 13.25246,
            "tipPosition": [-97.864815,
                120.76666,
                46.843765
            ],
            "type": 3,
            "width": 18.083767
        },
        {
            "bases": [
                [
                    [-0.164574, -0.487718,
                        0.857348
                    ],
                    [-0.284376,
                        0.855753,
                        0.432223
                    ],
                    [-0.944482, -0.172677, -0.27953]
                ],
                [
                    [-0.141908, -0.496481,
                        0.85637
                    ],
                    [
                        0.81675,
                        0.430058,
                        0.384669
                    ],
                    [-0.559269,
                        0.754027,
                        0.344472
                    ]
                ],
                [
                    [-0.136049, -0.447312,
                        0.88397
                    ],
                    [
                        0.683484, -0.688295, -0.243103
                    ],
                    [
                        0.717175,
                        0.571105,
                        0.399373
                    ]
                ],
                [
                    [-0.115926, -0.438777,
                        0.891087
                    ],
                    [
                        0.215198, -0.886922, -0.40873
                    ],
                    [
                        0.969665,
                        0.144377,
                        0.197241
                    ]
                ]
            ],
            "btipPosition": [-96.41601,
                120.67423,
                59.59336
            ],
            "carpPosition": [-141.45987,
                146.95259,
                64.6749
            ],
            "dipPosition": [-84.91873,
                122.38611,
                61.932037
            ],
            "direction": [-0.717175, -0.571105, -0.399373],
            "extended": false,
            "handId": 233,
            "id": 2334,
            "length": 45.24436,
            "mcpPosition": [-90.13296,
                156.33653,
                79.86567
            ],
            "pipPosition": [-72.36587,
                132.38228,
                68.92234
            ],
            "timeVisible": 13.25246,
            "tipPosition": [-96.41601,
                120.67423,
                59.59336
            ],
            "type": 4,
            "width": 16.063416
        }
    ],
    "timestamp": 2880180187,
    "label": 2
}]