[[{"currentFrameRate": 115.344704, "devices": [], "hands": [{"armBasis": [[0.867281, -0.100689, 0.48753], [-0.29264, 0.689137, 0.662912], [-0.402723, -0.717602, 0.568209]], "armWidth": 56.785149, "confidence": 0.723488, "direction": [0.566463, -0.072021, -0.820934], "elbow": [-238.976608, 53.610352, 217.910522], "grabAngle": 2.723415, "grabStrength": 0.133091, "id": 140, "palmNormal": [-0.211646, -0.975474, -0.060462], "palmPosition": [-110.748604, 227.32338, 22.843517], "palmVelocity": [-19.236029, 12.694746, -13.632512], "palmWidth": 81.087265, "pinchDistance": 73.474831, "pinchStrength": 0.987192, "timeVisible": 90.500267, "type": "right", "wrist": [-142.075317, 226.276154, 81.190895]}], "id": 103446, "pointables": [{"bases": [[[0.880249, -0.217137, 0.421916], [0.272305, 0.959331, -0.074398], [-0.388602, 0.180378, 0.903577]], [[0.886976, -0.21951, 0.406313], [0.239556, 0.970881, 0.00157], [-0.394826, 0.095942, 0.913733]], [[0.887352, -0.219871, 0.405295], [0.390417, 0.825928, -0.406716], [-0.245319, 0.519134, 0.81873]], [[0.887702, -0.221064, 0.403877], [0.44392, 0.643667, -0.6234], [-0.122151, 0.732682, 0.669519]]], "btipPosition": [-96.079308, 211.695511, -61.838745], "carpPosition": [-141.468277, 244.772491, 52.476715], "dipPosition": [-97.373688, 219.459412, -54.744156], "direction": [0.245319, -0.519134, -0.81873], "extended": true, "handId": 140, "id": 1401, "length": 47.618069, "mcpPosition": [-115.99041, 232.946381, -6.764321], "pipPosition": [-102.158714, 229.585297, -38.774563], "timeVisible": 90.500267, "tipPosition": [-96.079308, 211.695511, -61.838745], "type": 1, "width": 17.237661}, {"bases": [[[0.620325, 0.774739, 0.122375], [-0.767394, 0.631748, -0.109552], [-0.162184, -0.025952, 0.986419]], [[0.706117, 0.611508, -0.357011], [-0.691662, 0.487657, -0.532724], [-0.151666, 0.623096, 0.767299]], [[0.679549, 0.663056, -0.313958], [-0.482047, 0.080956, -0.872397], [-0.553031, 0.744179, 0.374638]], [[0.610636, 0.728431, -0.310663], [0.06166, -0.434839, -0.898395], [-0.789507, 0.529437, -0.310443]]], "btipPosition": [-119.009682, 174.357407, 14.25391], "carpPosition": [-152.95488, 229.574631, 52.378811], "dipPosition": [-130.865921, 182.308105, 9.591898], "direction": [0.553031, -0.744179, -0.374638], "extended": false, "handId": 140, "id": 1400, "length": 43.476952, "mcpPosition": [-152.95488, 229.574631, 52.378811], "pipPosition": [-146.605011, 203.487213, 20.253977], "timeVisible": 90.500267, "tipPosition": [-119.009682, 174.357407, 14.25391], "type": 0, "width": 18.046127}, {"bases": [[[0.760249, -0.351111, 0.546573], [0.408603, 0.912537, 0.017859], [-0.505039, 0.209754, 0.837221]], [[0.774757, -0.400445, 0.489281], [0.604989, 0.24471, -0.757697], [0.183684, 0.883041, 0.431855]], [[0.826166, -0.314917, 0.467201], [-0.07186, -0.881336, -0.466993], [0.558825, 0.352241, -0.75076]], [[0.859473, -0.339217, 0.382411], [-0.511141, -0.560838, 0.651303], [-0.006462, -0.755244, -0.655412]]], "btipPosition": [-119.99157, 195.857834, 11.980484], "carpPosition": [-130.75502, 243.53775, 55.44442], "dipPosition": [-120.07016, 186.673111, 4.009836], "direction": [-0.558825, -0.352241, 0.75076], "extended": false, "handId": 140, "id": 1402, "length": 56.100616, "mcpPosition": [-99.354256, 230.496292, 3.390277], "pipPosition": [-106.719582, 195.088318, -13.926165], "timeVisible": 90.500267, "tipPosition": [-119.99157, 195.857834, 11.980484], "type": 2, "width": 16.929674}, {"bases": [[[0.644662, -0.384202, 0.660908], [0.445568, 0.891342, 0.083543], [-0.621192, 0.240622, 0.745802]], [[0.652806, -0.415024, 0.633719], [0.687858, -0.025676, -0.725391], [0.317326, 0.909448, 0.268715]], [[0.711564, -0.346711, 0.61112], [-0.06187, -0.897312, -0.43704], [0.699892, 0.273172, -0.659946]], [[0.734834, -0.344291, 0.584365], [-0.359612, -0.928283, -0.094708], [0.575063, -0.14055, -0.805945]]], "btipPosition": [-122.247169, 187.038193, 33.497147], "carpPosition": [-122.182274, 238.78743, 60.270947], "dipPosition": [-115.395935, 185.363693, 23.895214], "direction": [-0.699892, -0.273172, 0.659946], "extended": false, "handId": 140, "id": 1403, "length": 53.490067, "mcpPosition": [-87.505646, 225.355255, 18.638252], "pipPosition": [-99.262398, 191.660706, 8.682494], "timeVisible": 90.500267, "tipPosition": [-122.247169, 187.038193, 33.497147], "type": 3, "width": 16.109657}, {"bases": [[[0.485892, -0.495729, 0.719835], [0.483769, 0.838467, 0.250881], [-0.727927, 0.226333, 0.647222]], [[0.494465, -0.520774, 0.695916], [0.791614, -0.060836, -0.607986], [0.35896, 0.851524, 0.382171]], [[0.538291, -0.472185, 0.698058], [0.16923, -0.750867, -0.638404], [0.825593, 0.461779, -0.324277]], [[0.58474, -0.465365, 0.664466], [-0.504971, -0.849857, -0.150823], [0.634889, -0.247344, -0.731941]]], "btipPosition": [-109.701294, 188.921082, 36.406918], "carpPosition": [-116.158936, 230.675491, 67.788239], "dipPosition": [-102.667313, 186.18074, 28.297693], "direction": [-0.825593, -0.461779, 0.324277], "extended": false, "handId": 140, "id": 1404, "length": 42.233406, "mcpPosition": [-78.543709, 218.979858, 34.343365], "pipPosition": [-89.193161, 193.717239, 23.005308], "timeVisible": 90.500267, "tipPosition": [-109.701294, 188.921082, 36.406918], "type": 4, "width": 14.309857}], "timestamp": 1948726220, "label": 1}, {"currentFrameRate": 115.080101, "devices": [], "hands": [{"armBasis": [[0.871368, -0.108018, 0.478592], [-0.283994, 0.684392, 0.671532], [-0.400082, -0.721068, 0.565681]], "armWidth": 56.785149, "confidence": 0.719637, "direction": [0.557528, -0.05751, -0.828164], "elbow": [-238.902695, 52.90678, 218.09285], "grabAngle": 2.704219, "grabStrength": 0.144692, "id": 140, "palmNormal": [-0.207419, -0.975607, -0.071888], "palmPosition": [-111.919243, 228.353546, 23.30563], "palmVelocity": [-8.339686, 11.762048, 21.060379], "palmWidth": 81.087265, "pinchDistance": 74.33651, "pinchStrength": 1.0, "timeVisible": 90.604797, "type": "right", "wrist": [-142.637054, 226.406708, 81.981499]}], "id": 103458, "pointables": [{"bases": [[[0.886027, -0.218505, 0.408915], [0.266634, 0.96168, -0.063858], [-0.379292, 0.165611, 0.910335]], [[0.89486, -0.221463, 0.38753], [0.238165, 0.971212, 0.005065], [-0.377496, 0.087764, 0.921843]], [[0.89525, -0.221853, 0.386405], [0.382987, 0.826342, -0.412892], [-0.227702, 0.517629, 0.824749]], [[0.895624, -0.223305, 0.384699], [0.434053, 0.62782, -0.646096], [-0.097246, 0.745638, 0.659217]]], "btipPosition": [-98.852646, 213.337891, -61.434536], "carpPosition": [-142.391373, 245.238174, 53.540951], "dipPosition": [-99.881706, 221.228271, -54.458672], "direction": [0.227702, -0.51763, -0.824749], "extended": true, "handId": 140, "id": 1401, "length": 47.551708, "mcpPosition": [-117.523918, 234.38028, -6.143169], "pipPosition": [-104.316452, 231.309692, -38.395741], "timeVisible": 90.604797, "tipPosition": [-98.852646, 213.337891, -61.434536], "type": 1, "width": 17.237661}, {"bases": [[[0.617772, 0.776137, 0.126372], [-0.771739, 0.62925, -0.091998], [-0.150922, -0.040693, 0.987708]], [[0.705237, 0.614937, -0.352836], [-0.688785, 0.476365, -0.546491], [-0.167979, 0.628433, 0.759509]], [[0.674659, 0.671449, -0.30658], [-0.467281, 0.066996, -0.881567], [-0.571388, 0.738016, 0.358955]], [[0.597857, 0.741358, -0.304885], [0.08908, -0.439434, -0.893847], [-0.796638, 0.507233, -0.328759]]], "btipPosition": [-118.610107, 175.071716, 16.263119], "carpPosition": [-153.856827, 229.990494, 53.335346], "dipPosition": [-130.568359, 182.685745, 11.328155], "direction": [0.571388, -0.738016, -0.358955], "extended": false, "handId": 140, "id": 1400, "length": 43.461891, "mcpPosition": [-153.856827, 229.990494, 53.335346], "pipPosition": [-146.824905, 203.683029, 21.540777], "timeVisible": 90.604797, "tipPosition": [-118.610107, 175.071716, 16.263119], "type": 0, "width": 18.046127}, {"bases": [[[0.768114, -0.354842, 0.533], [0.404197, 0.914297, 0.026195], [-0.496615, 0.195316, 0.84571]], [[0.787916, -0.408592, 0.460697], [0.604494, 0.37062, -0.705144], [0.117373, 0.834083, 0.539008]], [[0.82876, -0.330023, 0.451931], [-0.014407, -0.819906, -0.572317], [0.559419, 0.467802, -0.68426]], [[0.861243, -0.345145, 0.373008], [-0.50818, -0.590044, 0.627377], [0.003555, -0.729879, -0.683567]]], "btipPosition": [-118.899597, 196.10437, 6.855307], "carpPosition": [-131.661804, 243.976746, 56.374271], "dipPosition": [-118.856339, 187.22226, -1.463217], "direction": [-0.559419, -0.467802, 0.68426], "extended": false, "handId": 140, "id": 1402, "length": 56.105194, "mcpPosition": [-100.78479, 231.832977, 3.792338], "pipPosition": [-105.48951, 198.399994, -17.813013], "timeVisible": 90.604797, "tipPosition": [-118.899597, 196.10437, 6.855307], "type": 2, "width": 16.929674}, {"bases": [[[0.65399, -0.390139, 0.648142], [0.442005, 0.892369, 0.091154], [-0.613945, 0.226868, 0.756044]], [[0.664789, -0.427269, 0.612778], [0.690431, 0.038214, -0.722388], [0.285238, 0.903317, 0.320404]], [[0.724433, -0.350542, 0.593563], [-0.014492, -0.868607, -0.49529], [0.689193, 0.350203, -0.634328]], [[0.750411, -0.34489, 0.563857], [-0.322684, -0.935663, -0.142865], [0.576852, -0.07474, -0.813422]]], "btipPosition": [-122.022324, 185.941895, 31.251984], "carpPosition": [-122.995201, 239.218735, 61.022324], "dipPosition": [-115.155159, 185.052155, 21.568567], "direction": [-0.689193, -0.350203, 0.634328], "extended": false, "handId": 140, "id": 1403, "length": 53.444695, "mcpPosition": [-88.723137, 226.554352, 18.817921], "pipPosition": [-99.281151, 193.118286, 6.958248], "timeVisible": 90.604797, "tipPosition": [-122.022324, 185.941895, 31.251984], "type": 3, "width": 16.109657}, {"bases": [[[0.496455, -0.503306, 0.707259], [0.482355, 0.837339, 0.257289], [-0.721711, 0.213418, 0.658473]], [[0.504872, -0.527121, 0.683555], [0.790719, -0.035199, -0.611166], [0.346219, 0.849061, 0.399034]], [[0.539078, -0.487458, 0.686862], [0.203754, -0.715805, -0.667913], [0.817239, 0.500008, -0.286553]], [[0.578283, -0.479742, 0.659876], [-0.487296, -0.851813, -0.192241], [0.654318, -0.210385, -0.726365]]], "btipPosition": [-110.345612, 189.052704, 35.20903], "carpPosition": [-116.800362, 231.082993, 68.351883], "dipPosition": [-103.100037, 186.723007, 27.165636], "direction": [-0.817239, -0.500008, 0.286553], "extended": false, "handId": 140, "id": 1404, "length": 42.207729, "mcpPosition": [-79.506332, 220.054749, 34.32563], "pipPosition": [-89.773079, 194.876785, 22.492727], "timeVisible": 90.604797, "tipPosition": [-110.345612, 189.052704, 35.20903], "type": 4, "width": 14.309857}], "timestamp": 1948830754, "label": 1}, {"currentFrameRate": 115.335121, "devices": [], "hands": [{"armBasis": [[0.872572, -0.104121, 0.47726], [-0.288763, 0.678088, 0.675879], [-0.393997, -0.727568, 0.561614]], "armWidth": 56.785149, "confidence": 0.7324, "direction": [0.556009, -0.047136, -0.829839], "elbow": [-237.761734, 51.901711, 217.581863], "grabAngle": 2.718164, "grabStrength": 0.111583, "id": 140, "palmNormal": [-0.197889, -0.977189, -0.077084], "palmPosition": [-112.384979, 229.550247, 23.723055], "palmVelocity": [-0.222662, 11.715584, 23.388512], "palmWidth": 81.087265, "pinchDistance": 73.314857, "pinchStrength": 0.997265, "timeVisible": 90.699753, "type": "right", "wrist": [-142.960083, 226.965607, 82.449059]}], "id": 103469, "pointables": [{"bases": [[[0.889171, -0.21205, 0.405476], [0.256901, 0.964642, -0.058885], [-0.378653, 0.156526, 0.912207]], [[0.898185, -0.215071, 0.383416], [0.235011, 0.971978, -0.005318], [-0.371528, 0.094884, 0.92356]], [[0.898403, -0.215288, 0.382784], [0.373039, 0.834058, -0.406434], [-0.231764, 0.507935, 0.829631]], [[0.898722, -0.216402, 0.381405], [0.422048, 0.662985, -0.618325], [-0.119059, 0.716673, 0.687171]]], "btipPosition": [-99.345695, 214.933456, -61.392956], "carpPosition": [-142.936081, 245.977753, 54.130486], "dipPosition": [-100.604469, 222.510635, -54.127693], "direction": [0.231764, -0.507935, -0.829631], "extended": true, "handId": 140, "id": 1401, "length": 47.524754, "mcpPosition": [-118.110565, 235.715485, -5.67636], "pipPosition": [-105.115318, 232.396652, -37.980473], "timeVisible": 90.699753, "tipPosition": [-99.345695, 214.933456, -61.392956], "type": 1, "width": 17.237661}, {"bases": [[[0.610338, 0.7815, 0.129403], [-0.778182, 0.622061, -0.086442], [-0.148051, -0.047941, 0.987817]], [[0.697024, 0.625581, -0.350437], [-0.696833, 0.47574, -0.536744], [-0.16906, 0.61832, 0.767528]], [[0.669578, 0.676777, -0.306003], [-0.495366, 0.099931, -0.862918], [-0.553424, 0.729374, 0.402163]], [[0.597155, 0.744468, -0.29862], [0.036271, -0.396966, -0.917116], [-0.801305, 0.536829, -0.264053]]], "btipPosition": [-119.452713, 175.907898, 14.295968], "carpPosition": [-154.288254, 230.581909, 53.894165], "dipPosition": [-131.474579, 183.961868, 10.334428], "direction": [0.553424, -0.729374, -0.402163], "extended": false, "handId": 140, "id": 1400, "length": 43.440445, "mcpPosition": [-154.288254, 230.581909, 53.894165], "pipPosition": [-147.212616, 204.703522, 21.770988], "timeVisible": 90.699753, "tipPosition": [-119.452713, 175.907898, 14.295968], "type": 0, "width": 18.046127}, {"bases": [[[0.772927, -0.350273, 0.529048], [0.395152, 0.918108, 0.030555], [-0.496426, 0.185437, 0.848042]], [[0.789191, -0.399139, 0.466761], [0.596034, 0.314554, -0.738782], [0.148055, 0.861246, 0.486143]], [[0.834626, -0.316901, 0.450526], [-0.053108, -0.860409, -0.506829], [0.548251, 0.399086, -0.734949]], [[0.865789, -0.338237, 0.368788], [-0.499987, -0.554461, 0.665271], [-0.02054, -0.760374, -0.649161]]], "btipPosition": [-120.108315, 198.43335, 10.163132], "carpPosition": [-132.186005, 244.771729, 56.91375], "dipPosition": [-120.358231, 189.181885, 2.264801], "direction": [-0.548251, -0.399086, 0.734949], "extended": false, "handId": 140, "id": 1402, "length": 56.108337, "mcpPosition": [-101.320778, 233.242172, 4.186823], "pipPosition": [-107.25547, 198.719727, -15.299895], "timeVisible": 90.699753, "tipPosition": [-120.108315, 198.43335, 10.163132], "type": 2, "width": 16.929674}, {"bases": [[[0.659448, -0.387374, 0.644259], [0.433338, 0.896179, 0.095293], [-0.614286, 0.216341, 0.758847]], [[0.670202, -0.423636, 0.609394], [0.686613, 0.042189, -0.725798], [0.281764, 0.904849, 0.319149]], [[0.7317, -0.343647, 0.588661], [-0.016442, -0.872259, -0.488768], [0.681428, 0.347953, -0.643882]], [[0.758537, -0.337965, 0.557137], [-0.32413, -0.937403, -0.127338], [0.565298, -0.083995, -0.820599]]], "btipPosition": [-122.050079, 187.476608, 31.959715], "carpPosition": [-123.473633, 240.073288, 61.526611], "dipPosition": [-115.316925, 186.476166, 22.185719], "direction": [-0.681428, -0.347953, 0.643883], "extended": false, "handId": 140, "id": 1403, "length": 53.466236, "mcpPosition": [-89.182533, 227.996552, 19.16571], "pipPosition": [-99.615051, 194.493896, 7.348994], "timeVisible": 90.699753, "tipPosition": [-122.050079, 187.476608, 31.959715], "type": 3, "width": 16.109657}, {"bases": [[[0.503193, -0.502446, 0.703097], [0.474646, 0.840588, 0.261004], [-0.722155, 0.202387, 0.661462]], [[0.510645, -0.523432, 0.6821], [0.786214, -0.036836, -0.616855], [0.348007, 0.851271, 0.39272]], [[0.542218, -0.486906, 0.684779], [0.196803, -0.718717, -0.666869], [0.816865, 0.496355, -0.293876]], [[0.578045, -0.479984, 0.659909], [-0.488887, -0.851207, -0.190885], [0.65334, -0.212281, -0.726694]]], "btipPosition": [-110.741379, 190.519806, 35.807381], "carpPosition": [-117.18129, 231.967789, 68.795174], "dipPosition": [-103.506699, 188.169144, 27.760429], "direction": [-0.816865, -0.496355, 0.293876], "extended": false, "handId": 140, "id": 1404, "length": 42.209969, "mcpPosition": [-79.864296, 221.509567, 34.614479], "pipPosition": [-90.184975, 196.26387, 22.967789], "timeVisible": 90.699753, "tipPosition": [-110.741379, 190.519806, 35.807381], "type": 4, "width": 14.309857}], "timestamp": 1948925703, "label": 1}, {"currentFrameRate": 115.332512, "devices": [], "hands": [{"armBasis": [[0.868855, -0.097529, 0.485364], [-0.300382, 0.67546, 0.673443], [-0.393524, -0.730919, 0.557581]], "armWidth": 56.785149, "confidence": 0.742125, "direction": [0.567622, -0.051027, -0.821707], "elbow": [-237.661469, 52.726646, 217.228973], "grabAngle": 2.696365, "grabStrength": 0.08245, "id": 140, "palmNormal": [-0.199537, -0.976846, -0.077177], "palmPosition": [-111.649666, 231.008835, 24.749783], "palmVelocity": [6.538284, 22.342875, 10.183276], "palmWidth": 81.087265, "pinchDistance": 72.470367, "pinchStrength": 0.972511, "timeVisible": 90.803802, "type": "right", "wrist": [-142.973618, 228.596725, 83.066666]}], "id": 103481, "pointables": [{"bases": [[[0.882709, -0.213386, 0.418679], [0.260442, 0.963752, -0.057903], [-0.391147, 0.160153, 0.906287]], [[0.889749, -0.215785, 0.402224], [0.239948, 0.970734, -0.010005], [-0.388294, 0.105415, 0.915487]], [[0.890011, -0.216034, 0.40151], [0.380415, 0.837276, -0.392751], [-0.251328, 0.502293, 0.827367]], [[0.890322, -0.21695, 0.400324], [0.429022, 0.694224, -0.577921], [-0.152535, 0.686284, 0.71116]]], "btipPosition": [-96.857803, 216.403488, -60.387302], "carpPosition": [-142.586609, 247.616562, 54.66761], "dipPosition": [-98.469711, 223.655777, -52.872139], "direction": [0.251328, -0.502293, -0.827367], "extended": true, "handId": 140, "id": 1401, "length": 47.514454, "mcpPosition": [-116.94194, 237.116501, -4.751061], "pipPosition": [-103.359962, 233.42923, -36.773506], "timeVisible": 90.803802, "tipPosition": [-96.857803, 216.403488, -60.387302], "type": 1, "width": 17.237661}, {"bases": [[[0.610645, 0.780155, 0.135905], [-0.77511, 0.623984, -0.099238], [-0.162224, -0.044742, 0.985739]], [[0.695287, 0.6228, -0.358743], [-0.704909, 0.493474, -0.509497], [-0.140284, 0.607127, 0.782123]], [[0.673362, 0.667346, -0.318172], [-0.526074, 0.130126, -0.840424], [-0.519451, 0.733292, 0.438695]], [[0.611063, 0.729366, -0.307616], [-0.017872, -0.375799, -0.926529], [-0.791381, 0.571665, -0.216601]]], "btipPosition": [-121.390938, 177.413422, 12.380067], "carpPosition": [-153.902542, 232.246338, 54.335651], "dipPosition": [-133.262146, 185.988754, 9.130909], "direction": [0.519451, -0.733292, -0.438695], "extended": false, "handId": 140, "id": 1400, "length": 43.43375, "mcpPosition": [-153.902542, 232.246338, 54.335651], "pipPosition": [-148.031754, 206.838531, 21.604387], "timeVisible": 90.803802, "tipPosition": [-121.390938, 177.413422, 12.380067], "type": 0, "width": 18.046127}, {"bases": [[[0.764329, -0.350936, 0.540968], [0.397274, 0.917084, 0.033625], [-0.507913, 0.189212, 0.840371]], [[0.778669, -0.397548, 0.485418], [0.60155, 0.253092, -0.757682], [0.17836, 0.881986, 0.43622]], [[0.82851, -0.312505, 0.464663], [-0.058899, -0.873823, -0.482664], [0.556868, 0.372523, -0.742377]], [[0.862205, -0.335891, 0.379183], [-0.506527, -0.563155, 0.652906], [-0.005766, -0.755006, -0.655693]]], "btipPosition": [-120.668938, 199.548965, 13.574225], "carpPosition": [-131.869736, 246.378601, 57.603069], "dipPosition": [-120.739059, 190.367096, 5.600129], "direction": [-0.556868, -0.372523, 0.742377], "extended": false, "handId": 140, "id": 1402, "length": 56.085094, "mcpPosition": [-100.290291, 234.614365, 5.353061], "pipPosition": [-107.438942, 199.264359, -12.130638], "timeVisible": 90.803802, "tipPosition": [-120.668938, 199.548965, 13.574225], "type": 2, "width": 16.929674}, {"bases": [[[0.649117, -0.387395, 0.654655], [0.434473, 0.895232, 0.09896], [-0.624404, 0.220193, 0.749423]], [[0.65791, -0.418006, 0.626438], [0.690686, 0.003354, -0.723147], [0.300179, 0.908438, 0.290917]], [[0.714105, -0.348609, 0.607063], [-0.023519, -0.878643, -0.476899], [0.699644, 0.326278, -0.635642]], [[0.738538, -0.344301, 0.579672], [-0.334869, -0.933551, -0.127847], [0.585171, -0.099694, -0.804758]]], "btipPosition": [-122.578514, 189.419266, 33.975513], "carpPosition": [-123.242905, 241.668304, 62.360664], "dipPosition": [-115.612411, 188.232468, 24.395357], "direction": [-0.699644, -0.326278, 0.635642], "extended": false, "handId": 140, "id": 1403, "length": 53.444393, "mcpPosition": [-88.386971, 229.376556, 20.525877], "pipPosition": [-99.49939, 195.746765, 9.756305], "timeVisible": 90.803802, "tipPosition": [-122.578514, 189.419266, 33.975513], "type": 3, "width": 16.109657}, {"bases": [[[0.491716, -0.501864, 0.711582], [0.473262, 0.839993, 0.265397], [-0.730916, 0.206265, 0.650551]], [[0.498995, -0.522425, 0.69143], [0.789826, -0.054169, -0.610935], [0.356622, 0.850963, 0.385595]], [[0.532397, -0.484521, 0.694113], [0.197636, -0.726174, -0.658492], [0.8231, 0.487761, -0.290854]], [[0.569016, -0.477257, 0.669662], [-0.466601, -0.857946, -0.21497], [0.67713, -0.190143, -0.710873]]], "btipPosition": [-110.813431, 191.812973, 37.307327], "carpPosition": [-117.094315, 233.555481, 69.750366], "dipPosition": [-103.319443, 189.708603, 29.439886], "direction": [-0.8231, -0.487761, 0.290854], "extended": false, "handId": 140, "id": 1404, "length": 42.198154, "mcpPosition": [-79.324593, 222.896851, 36.133495], "pipPosition": [-89.900688, 197.660431, 24.698179], "timeVisible": 90.803802, "tipPosition": [-110.813431, 191.812973, 37.307327], "type": 4, "width": 14.309857}], "timestamp": 1949029756, "label": 1}, {"currentFrameRate": 115.334679, "devices": [], "hands": [{"armBasis": [[0.868457, -0.106157, 0.484266], [-0.296384, 0.671854, 0.678799], [-0.397415, -0.733037, 0.552013]], "armWidth": 56.785149, "confidence": 0.74415, "direction": [0.568195, -0.046515, -0.821578], "elbow": [-239.307281, 54.881844, 216.344391], "grabAngle": 2.733196, "grabStrength": 0.016842, "id": 140, "palmNormal": [-0.2051, -0.974898, -0.086649], "palmPosition": [-112.296356, 234.034134, 25.247578], "palmVelocity": [-11.571511, 36.820709, 7.885473], "palmWidth": 81.087265, "pinchDistance": 71.261368, "pinchStrength": 0.921432, "timeVisible": 90.8992, "type": "right", "wrist": [-143.683136, 231.261505, 83.521828]}], "id": 103492, "pointables": [{"bases": [[[0.881012, -0.222458, 0.417529], [0.266071, 0.962733, -0.048487], [-0.391182, 0.15381, 0.907369]], [[0.882601, -0.223024, 0.413856], [0.255248, 0.966591, -0.023459], [-0.394797, 0.126341, 0.91004]], [[0.882892, -0.223294, 0.413088], [0.386768, 0.844672, -0.370053], [-0.266293, 0.486486, 0.832118]], [[0.883126, -0.223915, 0.41225], [0.437477, 0.7104, -0.551312], [-0.169416, 0.667228, 0.725331]]], "btipPosition": [-96.749718, 219.565979, -59.890354], "carpPosition": [-143.175232, 250.582275, 55.279339], "dipPosition": [-98.539818, 226.616119, -52.226284], "direction": [0.266293, -0.486486, -0.832118], "extended": true, "handId": 140, "id": 1401, "length": 47.506222, "mcpPosition": [-117.528221, 240.498062, -4.21031], "pipPosition": [-103.719696, 236.079132, -36.040115], "timeVisible": 90.8992, "tipPosition": [-96.749718, 219.565979, -59.890354], "type": 1, "width": 17.237661}, {"bases": [[[0.615, 0.775281, 0.143924], [-0.771383, 0.629376, -0.094096], [-0.163533, -0.053152, 0.985105]], [[0.695987, 0.626309, -0.351197], [-0.706544, 0.510108, -0.490494], [-0.128053, 0.589513, 0.797544]], [[0.674738, 0.669828, -0.309933], [-0.52836, 0.145171, -0.836517], [-0.515329, 0.728186, 0.451863]], [[0.614028, 0.730596, -0.298662], [-0.019263, -0.364411, -0.931039], [-0.789049, 0.577438, -0.209685]]], "btipPosition": [-122.673042, 181.154083, 11.715405], "carpPosition": [-154.531769, 235.206329, 54.802986], "dipPosition": [-134.51442, 189.819778, 8.568626], "direction": [0.515329, -0.728186, -0.451863], "extended": false, "handId": 140, "id": 1400, "length": 43.450279, "mcpPosition": [-154.531769, 235.206329, 54.802986], "pipPosition": [-149.171997, 210.531677, 21.421021], "timeVisible": 90.8992, "tipPosition": [-122.673042, 181.154083, 11.715405], "type": 0, "width": 18.046127}, {"bases": [[[0.761708, -0.360473, 0.538386], [0.402534, 0.914407, 0.042732], [-0.507708, 0.184169, 0.841614]], [[0.772604, -0.401185, 0.492071], [0.596043, 0.191392, -0.779809], [0.218669, 0.895779, 0.386993]], [[0.829339, -0.313743, 0.462344], [-0.116091, -0.906166, -0.406676], [0.546552, 0.283598, -0.787942]], [[0.860402, -0.346279, 0.373898], [-0.506312, -0.497433, 0.70442], [-0.057937, -0.795394, -0.603318]]], "btipPosition": [-122.014694, 204.7052, 16.532034], "carpPosition": [-132.45575, 249.181732, 58.210781], "dipPosition": [-122.719353, 195.031281, 9.194221], "direction": [-0.546552, -0.283598, 0.787942], "extended": false, "handId": 140, "id": 1402, "length": 56.11095, "mcpPosition": [-100.889038, 237.731033, 5.883485], "pipPosition": [-109.658081, 201.808594, -9.635677], "timeVisible": 90.8992, "tipPosition": [-122.014694, 204.7052, 16.532034], "type": 2, "width": 16.929674}, {"bases": [[[0.646166, -0.397342, 0.651605], [0.439536, 0.891721, 0.107895], [-0.623921, 0.216686, 0.750846]], [[0.654289, -0.427124, 0.624076], [0.686027, -0.012037, -0.727477], [0.318235, 0.904113, 0.285143]], [[0.720645, -0.348968, 0.599077], [-0.06196, -0.893048, -0.445676], [0.690531, 0.284055, -0.665192]], [[0.74707, -0.345839, 0.567699], [-0.360236, -0.928363, -0.091497], [0.558674, -0.136151, -0.818136]]], "btipPosition": [-123.409081, 193.863434, 35.55798], "carpPosition": [-123.866348, 244.38736, 62.950199], "dipPosition": [-116.750999, 192.240829, 25.807722], "direction": [-0.690531, -0.284055, 0.665192], "extended": false, "handId": 140, "id": 1403, "length": 53.501904, "mcpPosition": [-89.037384, 232.291397, 21.035961], "pipPosition": [-100.829285, 198.790344, 10.470243], "timeVisible": 90.8992, "tipPosition": [-123.409081, 193.863434, 35.55798], "type": 3, "width": 16.109657}, {"bases": [[[0.488045, -0.511432, 0.707283], [0.477827, 0.834682, 0.273839], [-0.730406, 0.204313, 0.651738]], [[0.494373, -0.529707, 0.689206], [0.788105, -0.06136, -0.612474], [0.366722, 0.845958, 0.38713]], [[0.527586, -0.493435, 0.691502], [0.170343, -0.736026, -0.655171], [0.832248, 0.463452, -0.304264]], [[0.562497, -0.487633, 0.667691], [-0.492662, -0.846219, -0.202973], [0.663989, -0.214774, -0.716234]]], "btipPosition": [-111.850784, 195.337021, 38.005283], "carpPosition": [-117.788673, 236.171234, 70.274361], "dipPosition": [-104.499161, 192.959061, 30.075209], "direction": [-0.832248, -0.463452, 0.304264], "extended": false, "handId": 140, "id": 1404, "length": 42.215672, "mcpPosition": [-80.045311, 225.613449, 36.596123], "pipPosition": [-90.923851, 200.518707, 25.112175], "timeVisible": 90.8992, "tipPosition": [-111.850784, 195.337021, 38.005283], "type": 4, "width": 14.309857}], "timestamp": 1949125156, "label": 1}], [{"currentFrameRate": 115.328041, "devices": [], "hands": [{"armBasis": [[0.860596, -0.08517, 0.502116], [-0.324447, 0.668274, 0.669435], [-0.392567, -0.739023, 0.547481]], "armWidth": 56.785149, "confidence": 0.759053, "direction": [0.589114, -0.017942, -0.807851], "elbow": [-242.655441, 57.191174, 218.150955], "grabAngle": 2.716491, "grabStrength": 0.127315, "id": 140, "palmNormal": [-0.170313, -0.980052, -0.102432], "palmPosition": [-115.499718, 239.336548, 28.888283], "palmVelocity": [-16.432718, 23.888018, -1.736159], "palmWidth": 81.087265, "pinchDistance": 71.812187, "pinchStrength": 0.917932, "timeVisible": 91.202721, "type": "right", "wrist": [-148.198013, 235.011307, 86.418686]}], "id": 103527, "pointables": [{"bases": [[[0.877598, -0.198134, 0.436538], [0.234904, 0.971515, -0.031293], [-0.417903, 0.130007, 0.899141]], [[0.902508, -0.20274, 0.379969], [0.1941, 0.97906, 0.061369], [-0.384454, 0.018366, 0.922961]], [[0.902447, -0.202696, 0.380137], [0.344466, 0.86943, -0.354168], [-0.258714, 0.450562, 0.854436]], [[0.902872, -0.203764, 0.378552], [0.393477, 0.746412, -0.536698], [-0.173196, 0.633521, 0.754092]]], "btipPosition": [-99.819336, 229.698135, -57.61805], "carpPosition": [-147.580338, 254.371613, 58.354149], "dipPosition": [-101.654617, 236.411285, -49.627266], "direction": [0.258714, -0.450562, -0.854436], "extended": true, "handId": 140, "id": 1401, "length": 47.640526, "mcpPosition": [-120.181458, 245.847977, -0.596065], "pipPosition": [-106.703476, 245.204102, -32.952747], "timeVisible": 91.202721, "tipPosition": [-99.819336, 229.698135, -57.61805], "type": 1, "width": 17.237661}, {"bases": [[[0.58514, 0.793437, 0.167539], [-0.789449, 0.604589, -0.106032], [-0.185422, -0.07022, 0.980147]], [[0.675933, 0.664967, -0.3177], [-0.721131, 0.507921, -0.471154], [-0.151936, 0.547572, 0.822849]], [[0.654406, 0.702733, -0.279142], [-0.510228, 0.137934, -0.848906], [-0.558051, 0.697955, 0.448819]], [[0.597395, 0.754718, -0.271146], [0.04828, -0.371343, -0.92724], [-0.800493, 0.540837, -0.258276]]], "btipPosition": [-124.20826, 187.820892, 14.038372], "carpPosition": [-158.482498, 238.743439, 57.390083], "dipPosition": [-136.234024, 195.945862, 10.158299], "direction": [0.558051, -0.697955, -0.448819], "extended": false, "handId": 140, "id": 1400, "length": 43.490803, "mcpPosition": [-158.482498, 238.743439, 57.390083], "pipPosition": [-152.120529, 215.81514, 22.9352], "timeVisible": 91.202721, "tipPosition": [-124.20826, 187.820892, 14.038372], "type": 0, "width": 18.046127}, {"bases": [[[0.760079, -0.341445, 0.552898], [0.370658, 0.92665, 0.062707], [-0.533754, 0.157273, 0.830886]], [[0.770296, -0.377001, 0.514309], [0.596488, 0.140786, -0.790178], [0.22549, 0.91545, 0.333324]], [[0.82538, -0.294337, 0.481782], [-0.111339, -0.92145, -0.3722], [0.55349, 0.253566, -0.793318]], [[0.856435, -0.319153, 0.405784], [-0.514058, -0.599636, 0.613336], [0.047575, -0.733879, -0.677613]]], "btipPosition": [-126.574554, 209.880432, 23.642431], "carpPosition": [-136.922989, 253.515976, 61.498623], "dipPosition": [-125.996849, 200.968826, 15.414075], "direction": [-0.55349, -0.253566, 0.793318], "extended": false, "handId": 140, "id": 1402, "length": 56.074406, "mcpPosition": [-103.736893, 243.737518, 9.838327], "pipPosition": [-112.780098, 207.023697, -3.529495], "timeVisible": 91.202721, "tipPosition": [-126.574554, 209.880432, 23.642431], "type": 2, "width": 16.929674}, {"bases": [[[0.643129, -0.383456, 0.662832], [0.406811, 0.904429, 0.128504], [-0.64876, 0.187003, 0.737659]], [[0.653482, -0.413778, 0.633836], [0.705521, 0.029591, -0.708071], [0.274228, 0.909897, 0.311267]], [[0.708342, -0.343452, 0.616678], [0.001501, -0.872909, -0.487881], [0.705868, 0.346513, -0.617802]], [[0.736708, -0.339157, 0.585008], [-0.36337, -0.92816, -0.080502], [0.570284, -0.153267, -0.807022]]], "btipPosition": [-125.367538, 198.577621, 37.557198], "carpPosition": [-128.337601, 248.896759, 66.392403], "dipPosition": [-118.563217, 196.748917, 27.92824], "direction": [-0.705868, -0.346513, 0.617802], "extended": false, "handId": 140, "id": 1403, "length": 53.522362, "mcpPosition": [-92.12207, 238.457748, 25.214314], "pipPosition": [-102.283913, 204.740479, 13.679974], "timeVisible": 91.202721, "tipPosition": [-125.367538, 198.577621, 37.557198], "type": 3, "width": 16.109657}, {"bases": [[[0.487603, -0.503367, 0.713348], [0.442964, 0.846721, 0.294697], [-0.752348, 0.172292, 0.635837]], [[0.497488, -0.527168, 0.688912], [0.803094, -0.020337, -0.595506], [0.327942, 0.849518, 0.413247]], [[0.53839, -0.477863, 0.694106], [0.233727, -0.706681, -0.667813], [0.809635, 0.521774, -0.268781]], [[0.586743, -0.466619, 0.661816], [-0.453402, -0.86647, -0.208941], [0.670939, -0.177474, -0.719961]]], "btipPosition": [-113.67794, 200.074966, 40.994347], "carpPosition": [-122.183327, 240.725906, 73.747818], "dipPosition": [-106.244843, 198.108795, 33.018158], "direction": [-0.809635, -0.521774, 0.268781], "extended": false, "handId": 140, "id": 1404, "length": 42.22744, "mcpPosition": [-83.306152, 231.822784, 40.891281], "pipPosition": [-93.03434, 206.622391, 28.632566], "timeVisible": 91.202721, "tipPosition": [-113.67794, 200.074966, 40.994347], "type": 4, "width": 14.309857}], "timestamp": 1949428672, "label": 1}, {"currentFrameRate": 115.339096, "devices": [], "hands": [{"armBasis": [[0.858857, -0.082484, 0.505531], [-0.331175, 0.663491, 0.670897], [-0.390753, -0.743624, 0.542527]], "armWidth": 56.785149, "confidence": 0.767909, "direction": [0.587174, -0.009458, -0.809405], "elbow": [-242.923111, 57.276421, 217.629684], "grabAngle": 2.713239, "grabStrength": 0.088958, "id": 140, "palmNormal": [-0.157892, -0.982063, -0.103066], "palmPosition": [-116.320053, 240.999252, 29.538603], "palmVelocity": [-7.555833, 13.363438, 1.01105], "palmWidth": 81.087265, "pinchDistance": 71.491875, "pinchStrength": 0.92572, "timeVisible": 91.298103, "type": "right", "wrist": [-148.902069, 236.203491, 87.089493]}], "id": 103538, "pointables": [{"bases": [[[0.881229, -0.18723, 0.434028], [0.222236, 0.974505, -0.030837], [-0.417188, 0.123631, 0.900372]], [[0.902059, -0.191002, 0.387049], [0.184543, 0.98133, 0.054173], [-0.39017, 0.022559, 0.920466]], [[0.902019, -0.190975, 0.387156], [0.332152, 0.879874, -0.339847], [-0.275747, 0.435143, 0.857096]], [[0.902444, -0.191939, 0.385686], [0.386106, 0.757463, -0.526471], [-0.191092, 0.624026, 0.757677]]], "btipPosition": [-100.085693, 231.60112, -56.952843], "carpPosition": [-148.520523, 255.601074, 59.097836], "dipPosition": [-102.110725, 238.21402, -48.923626], "direction": [0.275747, -0.435143, -0.857096], "extended": true, "handId": 140, "id": 1401, "length": 47.636772, "mcpPosition": [-121.168488, 247.495468, 0.066958], "pipPosition": [-107.491165, 246.704651, -32.199745], "timeVisible": 91.298103, "tipPosition": [-100.085693, 231.60112, -56.952843], "type": 1, "width": 17.237661}, {"bases": [[[0.575267, 0.80076, 0.166884], [-0.797478, 0.594439, -0.103306], [-0.181925, -0.073658, 0.98055]], [[0.665775, 0.674292, -0.31949], [-0.730062, 0.500237, -0.465589], [-0.154123, 0.543225, 0.82532]], [[0.644522, 0.710979, -0.281249], [-0.520612, 0.138692, -0.842453], [-0.55996, 0.689401, 0.459534]], [[0.587907, 0.761754, -0.272207], [0.037317, -0.361684, -0.931553], [-0.808068, 0.537509, -0.241063]]], "btipPosition": [-124.670113, 189.365082, 14.135964], "carpPosition": [-159.203384, 239.811203, 58.154125], "dipPosition": [-136.809464, 197.439911, 10.514552], "direction": [0.55996, -0.689401, -0.459534], "extended": false, "handId": 140, "id": 1400, "length": 43.489876, "mcpPosition": [-159.203384, 239.811203, 58.154125], "pipPosition": [-152.749939, 217.065216, 23.596184], "timeVisible": 91.298103, "tipPosition": [-124.670113, 189.365082, 14.135964], "type": 0, "width": 18.046127}, {"bases": [[[0.765879, -0.332174, 0.550536], [0.358806, 0.9313, 0.062759], [-0.533561, 0.149469, 0.832449]], [[0.776338, -0.366419, 0.512872], [0.595053, 0.157712, -0.78806], [0.207874, 0.916986, 0.340477]], [[0.827542, -0.286391, 0.482861], [-0.093456, -0.91837, -0.38453], [0.553571, 0.273088, -0.786754]], [[0.858144, -0.308172, 0.410633], [-0.508238, -0.623148, 0.594459], [0.072689, -0.71883, -0.691375]]], "btipPosition": [-127.1036, 210.992065, 23.991026], "carpPosition": [-137.839432, 254.857361, 62.223976], "dipPosition": [-126.220978, 202.263748, 15.596078], "direction": [-0.553571, -0.273088, 0.786754], "extended": false, "handId": 140, "id": 1402, "length": 56.074699, "mcpPosition": [-104.665329, 245.564117, 10.466501], "pipPosition": [-113.002991, 208.784454, -3.189775], "timeVisible": 91.298103, "tipPosition": [-127.1036, 210.992065, 23.991026], "type": 2, "width": 16.929674}, {"bases": [[[0.649772, -0.375811, 0.660729], [0.395416, 0.909478, 0.128437], [-0.649186, 0.177808, 0.739555]], [[0.6595, -0.403799, 0.63404], [0.701713, 0.028249, -0.711899], [0.269553, 0.914411, 0.301982]], [[0.711667, -0.336001, 0.616955], [0.006812, -0.874865, -0.48432], [0.702484, 0.348877, -0.620323]], [[0.738945, -0.331807, 0.586399], [-0.357317, -0.93085, -0.07644], [0.571213, -0.153046, -0.806408]]], "btipPosition": [-125.942963, 200.319778, 38.543819], "carpPosition": [-129.174103, 250.35495, 67.089783], "dipPosition": [-119.126793, 198.493515, 28.921114], "direction": [-0.702484, -0.348877, 0.620323], "extended": false, "handId": 140, "id": 1403, "length": 53.527355, "mcpPosition": [-92.934784, 240.429214, 25.805838], "pipPosition": [-102.924751, 206.539993, 14.614025], "timeVisible": 91.298103, "tipPosition": [-125.942963, 200.319778, 38.543819], "type": 3, "width": 16.109657}, {"bases": [[[0.495942, -0.497778, 0.711519], [0.432748, 0.852066, 0.294471], [-0.752842, 0.161867, 0.637988]], [[0.505496, -0.520283, 0.688316], [0.800637, -0.014538, -0.598973], [0.321642, 0.85387, 0.409209]], [[0.546574, -0.470628, 0.692651], [0.218299, -0.71846, -0.660425], [0.808457, 0.512176, -0.289954]], [[0.593121, -0.460226, 0.660606], [-0.454188, -0.868751, -0.197445], [0.664771, -0.18293, -0.724303]]], "btipPosition": [-114.11348, 202.20961, 42.066273], "carpPosition": [-122.91114, 242.241898, 74.417267], "dipPosition": [-106.747643, 200.182693, 34.040806], "direction": [-0.808457, -0.512176, 0.289954], "extended": false, "handId": 140, "id": 1404, "length": 42.237885, "mcpPosition": [-84.00843, 233.877472, 41.449577], "pipPosition": [-93.551765, 208.542587, 29.30809], "timeVisible": 91.298103, "tipPosition": [-114.11348, 202.20961, 42.066273], "type": 4, "width": 14.309857}], "timestamp": 1949524058, "label": 1}, {"currentFrameRate": 115.319946, "devices": [], "hands": [{"armBasis": [[0.859381, -0.077875, 0.505371], [-0.336942, 0.657174, 0.674235], [-0.384623, -0.749705, 0.538523]], "armWidth": 56.785149, "confidence": 0.770457, "direction": [0.58592, -0.013535, -0.810256], "elbow": [-242.051346, 56.889851, 216.337677], "grabAngle": 2.706314, "grabStrength": 0.091783, "id": 140, "palmNormal": [-0.157994, -0.982581, -0.097837], "palmPosition": [-117.037201, 241.9021, 29.181393], "palmVelocity": [-9.050158, 11.063544, 5.314211], "palmWidth": 81.087265, "pinchDistance": 71.23362, "pinchStrength": 0.966198, "timeVisible": 91.402191, "type": "right", "wrist": [-149.505234, 237.280136, 86.760834]}], "id": 103550, "pointables": [{"bases": [[[0.881912, -0.184981, 0.433605], [0.222131, 0.974347, -0.036126], [-0.4158, 0.128177, 0.900378]], [[0.902141, -0.189173, 0.387757], [0.189088, 0.981195, 0.038765], [-0.387798, 0.038349, 0.920946]], [[0.902248, -0.189252, 0.38747], [0.335621, 0.872373, -0.355421], [-0.270754, 0.450721, 0.850613]], [[0.902694, -0.190312, 0.385908], [0.387708, 0.748732, -0.537664], [-0.186618, 0.634965, 0.749662]]], "btipPosition": [-101.066864, 231.392944, -57.164959], "carpPosition": [-149.189133, 256.670532, 58.709671], "dipPosition": [-103.045219, 238.124268, -49.217731], "direction": [0.270754, -0.450721, -0.850613], "extended": true, "handId": 140, "id": 1401, "length": 47.652962, "mcpPosition": [-121.928146, 248.266891, -0.321646], "pipPosition": [-108.330254, 246.922211, -32.61401], "timeVisible": 91.402191, "tipPosition": [-101.066864, 231.392944, -57.164959], "type": 1, "width": 17.237661}, {"bases": [[[0.575479, 0.801626, 0.161927], [-0.797672, 0.593867, -0.105084], [-0.180401, -0.068691, 0.981192]], [[0.664837, 0.673562, -0.322964], [-0.731298, 0.498743, -0.465251], [-0.152299, 0.545499, 0.824158]], [[0.643089, 0.711004, -0.284449], [-0.51553, 0.127285, -0.847365], [-0.566274, 0.691572, 0.448399]], [[0.585693, 0.761853, -0.276665], [0.053857, -0.377163, -0.92458], [-0.808742, 0.526619, -0.261933]]], "btipPosition": [-125.227821, 190.383377, 14.518148], "carpPosition": [-159.884689, 240.834915, 57.86441], "dipPosition": [-137.381653, 198.297455, 10.581795], "direction": [0.566274, -0.691572, -0.448399], "extended": false, "handId": 140, "id": 1400, "length": 43.503796, "mcpPosition": [-159.884689, 240.834915, 57.86441], "pipPosition": [-153.506699, 217.990479, 23.350283], "timeVisible": 91.402191, "tipPosition": [-125.227821, 190.383377, 14.518148], "type": 0, "width": 18.046127}, {"bases": [[[0.766751, -0.329337, 0.551026], [0.358848, 0.931625, 0.057477], [-0.532279, 0.153664, 0.832506]], [[0.778095, -0.365404, 0.510929], [0.596643, 0.175569, -0.783066], [0.196432, 0.914142, 0.354625]], [[0.828782, -0.283357, 0.482524], [-0.074225, -0.910358, -0.40711], [0.554627, 0.30159, -0.77552]], [[0.860797, -0.30326, 0.408733], [-0.501171, -0.644942, 0.576956], [0.088642, -0.701487, -0.707148]]], "btipPosition": [-127.614525, 211.009186, 22.950562], "carpPosition": [-138.512482, 255