[[{"currentFrameRate": 115.344147, "devices": [], "hands": [{"armBasis": [[-0.872125, 0.429793, -0.233827], [-0.080857, -0.597928, -0.797461], [-0.482555, -0.67658, 0.55622]], "armWidth": 56.683174, "confidence": 0.917584, "direction": [-0.070699, 0.347589, -0.934978], "elbow": [-288.589966, 31.299061, 180.700317], "grabAngle": 0.0, "grabStrength": 0.0, "id": 116, "palmNormal": [0.05055, 0.937367, 0.344655], "palmPosition": [-164.86972, 224.552689, -12.495043], "palmVelocity": [-0.700461, 2.773162, 7.971925], "palmWidth": 80.94165, "pinchDistance": 68.277718, "pinchStrength": 0.0, "timeVisible": 11.204063, "type": "right", "wrist": [-172.688522, 193.801926, 47.105736]}], "id": 72168, "pointables": [{"bases": [[[-0.459884, -0.761367, -0.456975], [0.806733, -0.573283, 0.143279], [-0.371064, -0.302765, 0.877864]], [[-0.359487, -0.716282, -0.598087], [0.587731, -0.671629, 0.451095], [-0.724804, -0.189352, 0.662424]], [[-0.355223, -0.714632, -0.602592], [0.718989, -0.620839, 0.312434], [-0.597387, -0.322273, 0.734349]], [[-0.349534, -0.709006, -0.612485], [0.894246, -0.44751, 0.007703], [-0.279554, -0.545019, 0.790445]]], "btipPosition": [-92.301483, 238.013275, -27.305719], "carpPosition": [-143.647156, 212.799118, 32.995235], "dipPosition": [-96.494896, 229.837799, -15.448774], "direction": [0.597387, 0.322273, -0.734349], "extended": true, "handId": 116, "id": 1160, "length": 43.400585, "mcpPosition": [-143.647156, 212.799118, 32.995235], "pipPosition": [-113.460846, 220.685165, 5.406913], "timeVisible": 11.204063, "tipPosition": [-92.301483, 238.013275, -27.305719], "type": 0, "width": 18.01372}, {"bases": [[[-0.993944, 0.080933, -0.074333], [-0.035517, -0.876738, -0.479656], [-0.103991, -0.474111, 0.874302]], [[-0.978578, 0.11376, -0.171593], [-0.084937, -0.982317, -0.166852], [-0.187539, -0.148703, 0.970936]], [[-0.978291, 0.114049, -0.173032], [-0.067508, -0.964784, -0.254233], [-0.195934, -0.237033, 0.951538]], [[-0.978017, 0.114432, -0.174323], [-0.050058, -0.940369, -0.336452], [-0.202428, -0.32033, 0.925425]]], "btipPosition": [-131.709015, 242.449615, -98.575676], "carpPosition": [-151.262253, 197.96019, 22.06381], "dipPosition": [-133.898773, 238.984467, -88.564941], "direction": [0.195934, 0.237033, -0.951538], "extended": true, "handId": 116, "id": 1161, "length": 48.46627, "mcpPosition": [-144.456589, 228.988403, -35.154953], "pipPosition": [-137.796188, 234.269531, -69.637428], "timeVisible": 11.204063, "tipPosition": [-131.709015, 242.449615, -98.575676], "type": 1, "width": 17.206705}, {"bases": [[[-0.978139, 0.164403, 0.127338], [-0.205319, -0.860629, -0.466006], [0.032978, -0.481964, 0.87557]], [[-0.980372, 0.176277, 0.088295], [-0.18277, -0.980533, -0.071766], [0.073926, -0.086495, 0.993506]], [[-0.98048, 0.176656, 0.086329], [-0.193964, -0.940956, -0.277454], [0.032218, -0.288782, 0.956853]], [[-0.980499, 0.176915, 0.085578], [-0.195895, -0.914699, -0.353483], [0.015741, -0.363354, 0.931518]]], "btipPosition": [-167.929916, 242.584869, -107.802467], "carpPosition": [-162.001114, 198.154831, 19.527287], "dipPosition": [-167.742889, 238.267776, -96.734879], "direction": [-0.032218, 0.288782, -0.956853], "extended": true, "handId": 116, "id": 1162, "length": 55.179974, "mcpPosition": [-164.047821, 228.067078, -34.813477], "pipPosition": [-166.988739, 231.508041, -74.337135], "timeVisible": 11.204063, "tipPosition": [-167.929916, 242.584869, -107.802467], "type": 2, "width": 16.899271}, {"bases": [[[-0.944346, 0.156093, 0.289562], [-0.273522, -0.861609, -0.427569], [0.182749, -0.482974, 0.856352]], [[-0.942181, 0.15344, 0.297911], [-0.173771, -0.983854, -0.042834], [0.286529, -0.092125, 0.953632]], [[-0.942209, 0.153466, 0.297809], [-0.248939, -0.915597, -0.315772], [0.224212, -0.37166, 0.900887]], [[-0.942236, 0.153523, 0.297695], [-0.280455, -0.847534, -0.450591], [0.18313, -0.508053, 0.841633]]], "btipPosition": [-200.462311, 245.960495, -93.312248], "carpPosition": [-172.423889, 201.155807, 20.108093], "dipPosition": [-198.294083, 239.945251, -83.347481], "direction": [-0.224212, 0.37166, -0.900887], "extended": true, "handId": 116, "id": 1163, "length": 53.099506, "mcpPosition": [-182.607101, 228.068298, -27.609936], "pipPosition": [-193.179764, 231.467636, -62.798115], "timeVisible": 11.204063, "tipPosition": [-200.462311, 245.960495, -93.312248], "type": 3, "width": 16.080729}, {"bases": [[[-0.858586, 0.239348, 0.453369], [-0.399845, -0.866104, -0.299978], [0.320866, -0.438834, 0.839327]], [[-0.762989, 0.194527, 0.616447], [-0.155043, -0.98088, 0.117628], [0.627542, -0.005827, 0.778561]], [[-0.743707, 0.19007, 0.640915], [-0.320952, -0.942527, -0.092911], [0.58642, -0.274802, 0.761968]], [[-0.744082, 0.190333, 0.640403], [-0.447696, -0.853551, -0.266494], [0.495894, -0.484999, 0.720323]]], "btipPosition": [-231.720932, 239.272629, -60.49065], "carpPosition": [-182.202637, 206.811157, 25.396875], "dipPosition": [-226.32074, 233.991089, -52.646477], "direction": [-0.58642, 0.274802, -0.761968], "extended": true, "handId": 116, "id": 1164, "length": 41.335892, "mcpPosition": [-198.753433, 229.446976, -17.89702], "pipPosition": [-216.984955, 229.616257, -40.515987], "timeVisible": 11.204063, "tipPosition": [-231.720932, 239.272629, -60.49065], "type": 4, "width": 14.28416}], "timestamp": 1675924523, "label": 0}, {"currentFrameRate": 115.247879, "devices": [], "hands": [{"armBasis": [[-0.870038, 0.43187, -0.237743], [-0.083717, -0.604679, -0.792057], [-0.485824, -0.669217, 0.562249]], "armWidth": 56.683174, "confidence": 0.917906, "direction": [-0.07111, 0.345986, -0.935541], "elbow": [-289.509857, 33.282677, 182.46022], "grabAngle": 0.0, "grabStrength": 0.0, "id": 116, "palmNormal": [0.053941, 0.937877, 0.34275], "palmPosition": [-164.985367, 224.572678, -12.287495], "palmVelocity": [-0.237674, 1.251262, -2.243022], "palmWidth": 80.94165, "pinchDistance": 68.420494, "pinchStrength": 0.0, "timeVisible": 11.308298, "type": "right", "wrist": [-172.823257, 194.017212, 47.417667]}], "id": 72180, "pointables": [{"bases": [[[-0.462913, -0.76085, -0.454773], [0.805211, -0.575455, 0.143132], [-0.370603, -0.29993, 0.879031]], [[-0.361339, -0.715916, -0.597409], [0.58445, -0.673115, 0.453138], [-0.726534, -0.185419, 0.66164]], [[-0.357006, -0.714268, -0.60197], [0.716412, -0.622906, 0.314232], [-0.599416, -0.319076, 0.734092]], [[-0.351207, -0.708585, -0.612014], [0.893099, -0.449785, 0.008249], [-0.28112, -0.543692, 0.790804]]], "btipPosition": [-92.242241, 237.786255, -27.075214], "carpPosition": [-143.739944, 212.847275, 33.18972], "dipPosition": [-96.458992, 229.630966, -15.213292], "direction": [0.599416, 0.319076, -0.734092], "extended": true, "handId": 116, "id": 1160, "length": 43.399193, "mcpPosition": [-143.739944, 212.847275, 33.18972], "pipPosition": [-113.482033, 220.569412, 5.634442], "timeVisible": 11.308298, "tipPosition": [-92.242241, 237.786255, -27.075214], "type": 0, "width": 18.01372}, {"bases": [[[-0.993809, 0.083812, -0.072935], [-0.038935, -0.877555, -0.477892], [-0.104058, -0.472094, 0.875385]], [[-0.978155, 0.117123, -0.171743], [-0.087873, -0.981691, -0.169], [-0.188393, -0.150216, 0.970538]], [[-0.977874, 0.117406, -0.173143], [-0.070341, -0.964006, -0.256408], [-0.197015, -0.238556, 0.950934]], [[-0.977599, 0.117791, -0.174428], [-0.052435, -0.938904, -0.340162], [-0.20384, -0.323396, 0.924048]]], "btipPosition": [-131.782364, 242.480453, -98.367279], "carpPosition": [-151.406967, 198.005905, 22.301409], "dipPosition": [-133.987396, 238.982117, -88.371399], "direction": [0.197015, 0.238556, -0.950934], "extended": true, "handId": 116, "id": 1161, "length": 48.465935, "mcpPosition": [-144.596893, 228.902115, -34.988216], "pipPosition": [-137.906296, 234.236908, -69.455994], "timeVisible": 11.308298, "tipPosition": [-131.782364, 242.480453, -98.367279], "type": 1, "width": 17.206705}, {"bases": [[[-0.977434, 0.167625, 0.128548], [-0.208665, -0.860904, -0.464008], [0.032888, -0.480361, 0.876454]], [[-0.979673, 0.17956, 0.08944], [-0.186399, -0.979603, -0.07505], [0.07414, -0.090196, 0.993161]], [[-0.979778, 0.179936, 0.08751], [-0.197492, -0.939891, -0.278572], [0.032125, -0.290221, 0.95642]], [[-0.979797, 0.180204, 0.086742], [-0.199451, -0.912407, -0.357398], [0.01474, -0.367478, 0.929915]]], "btipPosition": [-168.065933, 242.785522, -107.56012], "carpPosition": [-162.1483, 198.225098, 19.781528], "dipPosition": [-167.890808, 238.419418, -96.511559], "direction": [-0.032125, 0.290221, -0.95642], "extended": true, "handId": 116, "id": 1162, "length": 55.179924, "mcpPosition": [-164.189423, 228.037857, -34.614082], "pipPosition": [-167.13884, 231.626022, -74.123978], "timeVisible": 11.308298, "tipPosition": [-168.065933, 242.785522, -107.56012], "type": 2, "width": 16.899271}, {"bases": [[[-0.943411, 0.159528, 0.290735], [-0.27681, -0.861602, -0.425462], [0.182625, -0.481864, 0.857003]], [[-0.940974, 0.156533, 0.30011], [-0.17802, -0.982976, -0.045463], [0.287885, -0.096205, 0.95282]], [[-0.941031, 0.156585, 0.299903], [-0.252643, -0.914814, -0.315097], [0.225016, -0.372284, 0.900429]], [[-0.941067, 0.156664, 0.299747], [-0.284438, -0.846101, -0.450785], [0.182994, -0.509479, 0.8408]]], "btipPosition": [-200.658676, 246.177505, -93.033455], "carpPosition": [-172.56076, 201.253387, 20.371586], "dipPosition": [-198.492111, 240.145523, -83.078789], "direction": [-0.225016, 0.372285, -0.900429], "extended": true, "handId": 116, "id": 1163, "length": 53.098328, "mcpPosition": [-182.737061, 228.10405, -27.38274], "pipPosition": [-193.359589, 231.653885, -62.540424], "timeVisible": 11.308298, "tipPosition": [-200.658676, 246.177505, -93.033455], "type": 3, "width": 16.080729}, {"bases": [[[-0.857141, 0.242839, 0.454245], [-0.402946, -0.865465, -0.297666], [0.320848, -0.438178, 0.839676]], [[-0.760109, 0.197385, 0.61909], [-0.157808, -0.980298, 0.118795], [0.630341, -0.0074, 0.776283]], [[-0.74085, 0.192806, 0.643403], [-0.327787, -0.939884, -0.095781], [0.586256, -0.281858, 0.759512]], [[-0.740902, 0.192843, 0.643332], [-0.454515, -0.849181, -0.268901], [0.494449, -0.491634, 0.71681]]], "btipPosition": [-231.899979, 239.636078, -60.10894], "carpPosition": [-182.307098, 206.974533, 25.669073], "dipPosition": [-226.514038, 234.280807, -52.300873], "direction": [-0.586256, 0.281858, -0.759512], "extended": true, "handId": 116, "id": 1164, "length": 41.351559, "mcpPosition": [-198.856995, 229.576508, -17.642847], "pipPosition": [-217.176559, 229.791565, -40.203896], "timeVisible": 11.308298, "tipPosition": [-231.899979, 239.636078, -60.10894], "type": 4, "width": 14.28416}], "timestamp": 1676028758, "label": 0}, {"currentFrameRate": 115.337067, "devices": [], "hands": [{"armBasis": [[-0.871488, 0.430857, -0.234244], [-0.085204, -0.603403, -0.792872], [-0.482958, -0.67102, 0.562569]], "armWidth": 56.683174, "confidence": 0.917954, "direction": [-0.071299, 0.346674, -0.935272], "elbow": [-288.588043, 32.794445, 182.48912], "grabAngle": 0.0, "grabStrength": 0.0, "id": 116, "palmNormal": [0.055555, 0.937583, 0.343296], "palmPosition": [-164.788742, 224.561569, -12.320138], "palmVelocity": [-2.227211, 1.331915, 0.943456], "palmWidth": 80.94165, "pinchDistance": 68.233841, "pinchStrength": 0.0, "timeVisible": 11.403523, "type": "right", "wrist": [-172.589828, 193.96196, 47.369587]}], "id": 72191, "pointables": [{"bases": [[[-0.464353, -0.759893, -0.454905], [0.80448, -0.576713, 0.142178], [-0.370389, -0.299942, 0.879117]], [[-0.361526, -0.713854, -0.599759], [0.587224, -0.673986, 0.448231], [-0.724201, -0.190146, 0.662856]], [[-0.357209, -0.712171, -0.604329], [0.71919, -0.622549, 0.308541], [-0.595959, -0.324414, 0.734567]], [[-0.351474, -0.706429, -0.614348], [0.894531, -0.447, 0.002229], [-0.276188, -0.54877, 0.789032]]], "btipPosition": [-92.288719, 238.143936, -27.167723], "carpPosition": [-143.519455, 212.778809, 33.137955], "dipPosition": [-96.431831, 229.911819, -15.331422], "direction": [0.595959, 0.324414, -0.734567], "extended": true, "handId": 116, "id": 1160, "length": 43.402271, "mcpPosition": [-143.519455, 212.778809, 33.137955], "pipPosition": [-113.357796, 220.698059, 5.531188], "timeVisible": 11.403523, "tipPosition": [-92.288719, 238.143936, -27.167723], "type": 0, "width": 18.01372}, {"bases": [[[-0.99374, 0.0853, -0.072148], [-0.040562, -0.877199, -0.478411], [-0.104097, -0.47249, 0.875167]], [[-0.977957, 0.118979, -0.171594], [-0.089264, -0.981124, -0.171546], [-0.188765, -0.152448, 0.970117]], [[-0.977688, 0.119251, -0.172932], [-0.072113, -0.963747, -0.256886], [-0.197296, -0.238684, 0.950844]], [[-0.977422, 0.119623, -0.174175], [-0.054567, -0.939253, -0.338859], [-0.20413, -0.321704, 0.924574]]], "btipPosition": [-131.573563, 242.51857, -98.407555], "carpPosition": [-151.223862, 197.953293, 22.241579], "dipPosition": [-133.781998, 239.038132, -88.4048], "direction": [0.197296, 0.238684, -0.950844], "extended": true, "handId": 116, "id": 1161, "length": 48.470684, "mcpPosition": [-144.41124, 228.875412, -35.033764], "pipPosition": [-137.706924, 234.289856, -69.48912], "timeVisible": 11.403523, "tipPosition": [-131.573563, 242.51857, -98.407555], "type": 1, "width": 17.206705}, {"bases": [[[-0.977094, 0.168963, 0.129375], [-0.210257, -0.86031, -0.464391], [0.032837, -0.480956, 0.87613]], [[-0.97934, 0.181045, 0.090089], [-0.188198, -0.978992, -0.078466], [0.07399, -0.0938, 0.992838]], [[-0.979442, 0.181413, 0.088224], [-0.199136, -0.939367, -0.279167], [0.03223, -0.290996, 0.956181]], [[-0.97946, 0.181663, 0.087505], [-0.201055, -0.912883, -0.355277], [0.015341, -0.365573, 0.930656]]], "btipPosition": [-167.8853, 242.928589, -107.589378], "carpPosition": [-161.966736, 198.190689, 19.729887], "dipPosition": [-167.703003, 238.584564, -96.530586], "direction": [-0.03223, 0.290996, -0.956181], "extended": true, "handId": 116, "id": 1162, "length": 55.185753, "mcpPosition": [-164.00473, 228.040405, -34.645576], "pipPosition": [-166.948486, 231.772293, -74.146233], "timeVisible": 11.403523, "tipPosition": [-167.8853, 242.928589, -107.589378], "type": 2, "width": 16.899271}, {"bases": [[[-0.942963, 0.160715, 0.291532], [-0.278375, -0.860933, -0.425796], [0.182558, -0.482665, 0.856567]], [[-0.940049, 0.157123, 0.302689], [-0.179666, -0.982559, -0.047945], [0.289877, -0.099453, 0.951883]], [[-0.940056, 0.15713, 0.302663], [-0.254355, -0.914243, -0.315377], [0.227153, -0.373456, 0.899407]], [[-0.94007, 0.157159, 0.302606], [-0.286301, -0.845815, -0.450142], [0.185204, -0.509801, 0.84012]]], "btipPosition": [-200.618958, 246.352554, -92.99276], "carpPosition": [-172.37468, 201.231567, 20.328295], "dipPosition": [-198.42598, 240.316071, -83.045021], "direction": [-0.227153, 0.373456, -0.899407], "extended": true, "handId": 116, "id": 1163, "length": 53.10363, "mcpPosition": [-182.547241, 228.126831, -27.401726], "pipPosition": [-193.244186, 231.796829, -62.527828], "timeVisible": 11.403523, "tipPosition": [-200.618958, 246.352554, -92.99276], "type": 3, "width": 16.080729}, {"bases": [[[-0.856452, 0.243798, 0.45503], [-0.404422, -0.864693, -0.297909], [0.320831, -0.439168, 0.839165]], [[-0.758652, 0.19774, 0.620763], [-0.159136, -0.980209, 0.117754], [0.631762, -0.009451, 0.775105]], [[-0.739508, 0.193196, 0.644829], [-0.327184, -0.940324, -0.093494], [0.588285, -0.280117, 0.758587]], [[-0.739517, 0.193203, 0.644816], [-0.453192, -0.851203, -0.264709], [0.497727, -0.487982, 0.717037]]], "btipPosition": [-231.816879, 239.675507, -60.078171], "carpPosition": [-182.108292, 206.968277, 25.636347], "dipPosition": [-226.39415, 234.358948, -52.26606], "direction": [-0.588285, 0.280117, -0.758587], "extended": true, "handId": 116, "id": 1164, "length": 41.361294, "mcpPosition": [-198.657318, 229.621323, -17.64921], "pipPosition": [-217.021454, 229.896057, -40.180069], "timeVisible": 11.403523, "tipPosition": [-231.816879, 239.675507, -60.078171], "type": 4, "width": 14.28416}], "timestamp": 1676123983, "label": 0}, {"currentFrameRate": 115.013947, "devices": [], "hands": [{"armBasis": [[-0.872486, 0.430319, -0.231501], [-0.086221, -0.601912, -0.793894], [-0.480972, -0.672701, 0.562263]], "armWidth": 56.683174, "confidence": 0.918643, "direction": [-0.071619, 0.348436, -0.934592], "elbow": [-288.110016, 32.194286, 182.492035], "grabAngle": 0.0, "grabStrength": 0.0, "id": 116, "palmNormal": [0.056558, 0.93691, 0.344966], "palmPosition": [-164.825043, 224.475098, -12.194177], "palmVelocity": [2.124357, -0.935395, 1.774769], "palmWidth": 80.94165, "pinchDistance": 68.335381, "pinchStrength": 0.0, "timeVisible": 11.508151, "type": "right", "wrist": [-172.588852, 193.765671, 47.446144]}], "id": 72203, "pointables": [{"bases": [[[-0.465281, -0.758677, -0.455985], [0.804093, -0.577638, 0.140602], [-0.370067, -0.301235, 0.878811]], [[-0.36279, -0.71271, -0.600357], [0.58625, -0.675343, 0.447463], [-0.724358, -0.189624, 0.662834]], [[-0.3585, -0.711048, -0.604887], [0.716718, -0.62482, 0.309701], [-0.598158, -0.322506, 0.733619]], [[-0.352742, -0.705374, -0.614834], [0.891897, -0.452184, 0.007074], [-0.283008, -0.545873, 0.788625]]], "btipPosition": [-92.147003, 237.832672, -27.047211], "carpPosition": [-143.546814, 212.588348, 33.22155], "dipPosition": [-96.392113, 229.644608, -15.217868], "direction": [0.598158, 0.322506, -0.733619], "extended": true, "handId": 116, "id": 1160, "length": 43.399441, "mcpPosition": [-143.546814, 212.588348, 33.22155], "pipPosition": [-113.379486, 220.485596, 5.616532], "timeVisible": 11.508151, "tipPosition": [-92.147003, 237.832672, -27.047211], "type": 0, "width": 18.01372}, {"bases": [[[-0.993715, 0.086256, -0.071345], [-0.041603, -0.876292, -0.479981], [-0.10392, -0.473997, 0.874373]], [[-0.97817, 0.119733, -0.169843], [-0.090201, -0.980951, -0.172041], [-0.187207, -0.152966, 0.970338]], [[-0.977893, 0.120018, -0.171232], [-0.072755, -0.963004, -0.259479], [-0.196039, -0.241285, 0.950447]], [[-0.977617, 0.120411, -0.172529], [-0.054673, -0.937256, -0.344329], [-0.203164, -0.327189, 0.92286]]], "btipPosition": [-131.710129, 242.584961, -98.26989], "carpPosition": [-151.258194, 197.791458, 22.309227], "dipPosition": [-133.908142, 239.045135, -88.285568], "direction": [0.196039, 0.241285, -0.950447], "extended": true, "handId": 116, "id": 1161, "length": 48.471134, "mcpPosition": [-144.457138, 228.812195, -34.914143], "pipPosition": [-137.808105, 234.245071, -69.377594], "timeVisible": 11.508151, "tipPosition": [-131.710129, 242.584961, -98.26989], "type": 1, "width": 17.206705}, {"bases": [[[-0.976869, 0.169538, 0.13032], [-0.211275, -0.859287, -0.46582], [0.033008, -0.482578, 0.875231]], [[-0.97916, 0.181862, 0.0904], [-0.189057, -0.978812, -0.078636], [0.074184, -0.094088, 0.992796]], [[-0.979266, 0.182244, 0.088463], [-0.199996, -0.939251, -0.278942], [0.032254, -0.290851, 0.956225]], [[-0.979285, 0.182523, 0.087667], [-0.201979, -0.911143, -0.359198], [0.014315, -0.369464, 0.929135]]], "btipPosition": [-167.928131, 242.937881, -107.438011], "carpPosition": [-162.00296, 198.044998, 19.806629], "dipPosition": [-167.758026, 238.547607, -96.397263], "direction": [-0.032254, 0.290851, -0.956225], "extended": true, "handId": 116, "id": 1162, "length": 55.185715, "mcpPosition": [-164.051529, 227.995392, -34.513046], "pipPosition": [-167.00296, 231.738739, -74.011894], "timeVisible": 11.508151, "tipPosition": [-167.928131, 242.937881, -107.438011], "type": 2, "width": 16.899271}, {"bases": [[[-0.94264, 0.160966, 0.292439], [-0.279368, -0.859924, -0.427181], [0.182714, -0.484376, 0.855568]], [[-0.940289, 0.158047, 0.301459], [-0.180829, -0.982291, -0.049037], [0.288371, -0.100621, 0.952217]], [[-0.940347, 0.1581, 0.301252], [-0.254913, -0.913835, -0.316108], [0.225318, -0.374044, 0.899624]], [[-0.940383, 0.15818, 0.301095], [-0.286566, -0.84531, -0.450922], [0.183192, -0.510323, 0.840245]]], "btipPosition": [-200.539322, 246.375443, -92.86438], "carpPosition": [-172.407745, 201.096542, 20.41931], "dipPosition": [-198.370193, 240.332825, -82.915237], "direction": [-0.225318, 0.374044, -0.899624], "extended": true, "handId": 116, "id": 1163, "length": 53.103268, "mcpPosition": [-182.588989, 228.087143, -27.255009], "pipPosition": [-193.230301, 231.800217, -62.393242], "timeVisible": 11.508151, "tipPosition": [-200.539322, 246.375443, -92.86438], "type": 3, "width": 16.080729}, {"bases": [[[-0.855953, 0.24368, 0.456032], [-0.405335, -0.863812, -0.299219], [0.321012, -0.440963, 0.838155]], [[-0.758407, 0.197424, 0.621162], [-0.159776, -0.980258, 0.116477], [0.631894, -0.01091, 0.774978]], [[-0.739064, 0.192766, 0.645465], [-0.328646, -0.939592, -0.095697], [0.588027, -0.282856, 0.757771]], [[-0.739132, 0.192814, 0.645373], [-0.456185, -0.848243, -0.269035], [0.495559, -0.493262, 0.714922]]], "btipPosition": [-231.822983, 239.760498, -59.871353], "carpPosition": [-182.135712, 206.819244, 25.74268], "dipPosition": [-226.424683, 234.387222, -52.08345], "direction": [-0.588027, 0.282856, -0.757771], "extended": true, "handId": 116, "id": 1164, "length": 41.352646, "mcpPosition": [-198.694061, 229.564835, -17.490749], "pipPosition": [-217.05864, 229.881912, -40.013741], "timeVisible": 11.508151, "tipPosition": [-231.822983, 239.760498, -59.871353], "type": 4, "width": 14.28416}], "timestamp": 1676228611, "label": 0}, {"currentFrameRate": 115.340706, "devices": [], "hands": [{"armBasis": [[-0.871817, 0.432968, -0.229072], [-0.090038, -0.601335, -0.793908], [-0.481485, -0.671517, 0.563238]], "armWidth": 56.683174, "confidence": 0.918278, "direction": [-0.070643, 0.347015, -0.935195], "elbow": [-288.045563, 32.520042, 182.940018], "grabAngle": 0.0, "grabStrength": 0.0, "id": 116, "palmNormal": [0.061647, 0.937264, 0.343126], "palmPosition": [-164.557327, 224.385864, -12.036769], "palmVelocity": [0.46473, -0.741307, 1.375283], "palmWidth": 80.94165, "pinchDistance": 68.268723, "pinchStrength": 0.0, "timeVisible": 11.602974, "type": "right", "wrist": [-172.401001, 193.806946, 47.659893]}], "id": 72214, "pointables": [{"bases": [[[-0.469549, -0.757155, -0.454136], [0.801249, -0.581476, 0.14102], [-0.370843, -0.297661, 0.879701]], [[-0.365953, -0.711236, -0.600186], [0.584732, -0.677449, 0.446264], [-0.723994, -0.187636, 0.663796]], [[-0.361634, -0.709571, -0.604756], [0.715813, -0.626924, 0.307536], [-0.597354, -0.321677, 0.734637]], [[-0.35586, -0.703868, -0.614763], [0.89109, -0.45381, 0.003772], [-0.281641, -0.546467, 0.788703]]], "btipPosition": [-91.940331, 237.628326, -26.951616], "carpPosition": [-143.285156, 212.479248, 33.391953], "dipPosition": [-96.165405, 229.43042, -15.119772], "direction": [0.597354, 0.321677, -0.734637], "extended": true, "handId": 116, "id": 1160, "length": 43.403889, "mcpPosition": [-143.285156, 212.479248, 33.391953], "pipPosition": [-113.131607, 220.294083, 5.74557], "timeVisible": 11.602974, "tipPosition": [-91.940331, 237.628326, -26.951616], "type": 0, "width": 18.01372}, {"bases": [[[-0.993322, 0.091203, -0.070661], [-0.046499, -0.876981, -0.478269], [-0.105588, -0.47179, 0.875366]], [[-0.977773, 0.124638, -0.168598], [-0.094193, -0.979536, -0.177869], [-0.187317, -0.158035, 0.969504]], [[-0.977505, 0.124919, -0.169937], [-0.076942, -0.96141, -0.264141], [-0.196375, -0.245124, 0.949395]], [[-0.977244, 0.125295, -0.171158], [-0.05904, -0.935685, -0.347863], [-0.203735, -0.329842, 0.92179]]], "btipPosition": [-131.422745, 242.632095, -98.080254], "carpPosition": [-151.097412, 197.697006, 22.505213], "dipPosition": [-133.627136, 239.063248, -88.106598], "direction": [0.196375, 0.245124, -0.949395], "extended": true, "handId": 116, "id": 1161, "length": 48.474224, "mcpPosition": [-144.18721, 228.573318, -34.78315], "pipPosition": [-137.534073, 234.186432, -69.218132], "timeVisible": 11.602974, "tipPosition": [-131.422745, 242.632095, -98.080254], "type": 1, "width": 17.206705}, {"bases": [[[-0.975876, 0.174783, 0.13083], [-0.216069, -0.859082, -0.463996], [0.031295, -0.481071, 0.876123]], [[-0.978031, 0.186525, 0.09308], [-0.194372, -0.977339, -0.083834], [0.075333, -0.100084, 0.992123]], [[-0.97813, 0.186889, 0.091296], [-0.20546, -0.936487, -0.284214], [0.032381, -0.296756, 0.954404]], [[-0.978147, 0.187134, 0.090605], [-0.207375, -0.90947, -0.360361], [0.014967, -0.371275, 0.928402]]], "btipPosition": [-167.718903, 243.20517, -107.217522], "carpPosition": [-161.843155, 198.005814, 20.012234], "dipPosition": [-167.541031, 238.792801, -96.184044], "direction": [-0.032381, 0.296756, -0.954404], "extended": true, "handId": 116, "id": 1162, "length": 55.191864, "mcpPosition": [-163.785431, 227.862625, -34.362835], "pipPosition": [-166.782898, 231.84491, -73.838737], "timeVisible": 11.602974, "tipPosition": [-167.718903, 243.20517, -107.217522], "type": 2, "width": 16.899271}, {"bases": [[[-0.941551, 0.166345, 0.292936], [-0.284131, -0.859297, -0.425297], [0.180973, -0.483671, 0.856336]], [[-0.938403, 0.162407, 0.304998], [-0.186831, -0.98099, -0.052468], [0.290679, -0.106219, 0.950906]], [[-0.938398, 0.162402, 0.305017], [-0.261357, -0.910997, -0.319026], [0.226059, -0.379091, 0.897322]], [[-0.938406, 0.162421, 0.304981], [-0.293273, -0.84112, -0.454432], [0.182716, -0.515885, 0.836946]]], "btipPosition": [-200.365372, 246.738754, -92.56736], "carpPosition": [-172.232437, 201.109406, 20.626146], "dipPosition": [-198.201599, 240.629517, -82.656036], "direction": [-0.226059, 0.379091, -0.897322], "extended": true, "handId": 116, "id": 1163, "length": 53.109196, "mcpPosition": [-182.316681, 228.060745, -27.090975], "pipPosition": [-193.044174, 231.980743, -62.184101], "timeVisible": 11.602974, "tipPosition": [-200.365372, 246.738754, -92.56736], "type": 3, "width": 16.080729}, {"bases": [[[-0.854301, 0.248926, 0.456296], [-0.410006, -0.862297, -0.29722], [0.319477, -0.441, 0.838722]], [[-0.755928, 0.202035, 0.6227], [-0.16457, -0.979288, 0.117949], [0.633632, -0.013317, 0.77352]], [[-0.736539, 0.197336, 0.646969], [-0.332467, -0.938596, -0.092209], [0.589046, -0.283011, 0.756921]], [[-0.736616, 0.19739, 0.646865], [-0.458782, -0.848582, -0.263492], [0.496907, -0.490863, 0.715637]]], "btipPosition": [-231.621246, 239.882355, -59.655659], "carpPosition": [-181.927246, 206.891342, 25.945236], "dipPosition": [-226.207596, 234.534561, -51.859013], "direction": [-0.589046, 0.283011, -0.756921], "extended": true, "handId": 116, "id": 1164, "length": 41.358616, "mcpPosition": [-198.406387, 229.638855, -17.317444], "pipPosition": [-216.823532, 230.025925, -39.800556], "timeVisible": 11.602974, "tipPosition": [-231.621246, 239.882355, -59.655659], "type": 4, "width": 14.28416}], "timestamp": 1676323434, "label": 0}], [{"currentFrameRate": 115.315361, "devices": [], "hands": [{"armBasis": [[-0.871345, 0.436093, -0.224903], [-0.091436, -0.594642, -0.798774], [-0.482076, -0.675444, 0.558013]], "armWidth": 56.683174, "confidence": 0.91955, "direction": [-0.073727, 0.364549, -0.928261], "elbow": [-285.922729, 29.694065, 182.891022], "grabAngle": 0.0, "grabStrength": 0.0, "id": 116, "palmNormal": [0.061687, 0.930679, 0.360599], "palmPosition": [-162.471436, 223.551422, -10.315564], "palmVelocity": [12.945192, 1.254756, 7.651615], "palmWidth": 80.94165, "pinchDistance": 68.054878, "pinchStrength": 0.0, "timeVisible": 11.90653, "type": "right", "wrist": [-170.136276, 191.924088, 48.865814]}], "id": 72249, "pointables": [{"bases": [[[-0.470095, -0.748945, -0.467004], [0.802252, -0.583171, 0.127682], [-0.36797, -0.314632, 0.874988]], [[-0.367558, -0.699634, -0.61271], [0.59283, -0.683883, 0.425273], [-0.716557, -0.20692, 0.66613]], [[-0.363533, -0.697995, -0.616966], [0.711441, -0.635569, 0.29984], [-0.601411, -0.329933, 0.727633]], [[-0.357831, -0.692558, -0.626354], [0.879495, -0.475345, 0.02314], [-0.31376, -0.542595, 0.779195]]], "btipPosition": [-89.504936, 236.879425, -25.240892], "carpPosition": [-141.09314, 210.77916, 34.800503], "dipPosition": [-94.204681, 228.752014, -13.569507], "direction": [0.601411, 0.329933, -0.727633], "extended": true, "handId": 116, "id": 1160, "length": 43.34663, "mcpPosition": [-141.09314, 210.77916, 34.800503], "pipPosition": [-111.265411, 219.392517, 7.071874], "timeVisible": 11.90653, "tipPosition": [-89.504936, 236.879425, -25.240892], "type": 0, "width": 18.01372}, {"bases": [[[-0.993617, 0.091449, -0.066046], [-0.046995, -0.867836, -0.494623], [-0.10255, -0.488362, 0.866595]], [[-0.977797, 0.127079, -0.166625], [-0.09617, -0.978587, -0.181983], [-0.186183, -0.161918, 0.969081]], [[-0.977451, 0.127456, -0.168357], [-0.077669, -0.958406, -0.274638], [-0.196359, -0.255369, 0.946694]], [[-0.977131, 0.12793, -0.169848], [-0.060204, -0.932531, -0.356035], [-0.203936, -0.337667, 0.918907]]], "btipPosition": [-129.496811, 242.632004, -96.018723], "carpPosition": [-148.895126, 196.232773, 23.700285], "dipPosition": [-131.694901, 238.992523, -86.114456], "direction": [0.196359, 0.255369, -0.946694], "extended": true, "handId": 116, "id": 1161, "length": 48.316154, "mcpPosition": [-142.183716, 228.193634, -33.014038], "pipPosition": [-135.587357, 233.930298, -67.348], "timeVisible": 11.90653, "tipPosition": [-129.496811, 242.632004, -96.018723], "type": 1, "width": 17.206705}, {"bases": [[[-0.975669, 0.171225, 0.136936], [-0.216541, -0.850393, -0.479522], [0.034344, -0.497507, 0.86678]], [[-0.978443, 0.185234, 0.091307], [-0.190893, -0.979916, -0.057652], [0.078794, -0.073839, 0.994153]], [[-0.978628, 0.185856, 0.088008], [-0.203422, -0.937627, -0.281913], [0.030123, -0.293791, 0.955395]], [[-0.978655, 0.186304, 0.086751], [-0.205241, -0.907651, -0.366123], [0.010529, -0.376113, 0.926514]]], "btipPosition": [-165.722488, 241.672684, -105.260841], "carpPosition": [-159.637329, 196.55986, 21.235592], "dipPosition": [-165.59787, 237.221191, -94.295074], "direction": [-0.030123, 0.293791, -0.955395], "extended": true, "handId": 116, "id": 1162, "length": 55.00568, "mcpPosition": [-161.768799, 227.436783, -32.559593], "pipPosition": [-164.895035, 230.366425, -72.003685], "timeVisible": 11.90653, "tipPosition": [-165.722488, 241.672684, -105.260841], "type": 2, "width": 16.899271}, {"bases": [[[-0.940862, 0.159762, 0.298754], [-0.28449, -0.851413, -0.440638], [0.183966, -0.499572, 0.846513]], [[-0.93782, 0.155994, 0.310095], [-0.178306, -0.982956, -0.044772], [0.297826, -0.09728, 0.949651]], [[-0.938048, 0.156213, 0.309294], [-0.263645, -0.900988, -0.344546], [0.224848, -0.404745, 0.886355]], [[-0.938152, 0.156461, 0.308853], [-0.298033, -0.818941, -0.490421], [0.1762, -0.552138, 0.814922]]], "btipPosition": [-198.414932, 246.817719, -89.946892], "carpPosition": [-170.00824, 199.678375, 21.953926], "dipPosition": [-196.335312, 240.301056, -80.328697], "direction": [-0.224848, 0.404745, -0.886355], "extended": true, "handId": 116, "id": 1163, "length": 52.948689, "mcpPosition": [-180.259247, 227.515747, -25.215855], "pipPosition": [-191.221924, 231.096527, -60.171604], "timeVisible": 11.90653, "tipPosition": [-198.414932, 246.817719, -89.946892], "type": 3, "width": 16.080729}, {"bases": [[[-0.853221, 0.239336, 0.463392], [-0.409987, -0.856968, -0.312276], [0.322374, -0.456426, 0.829308]], [[-0.74925, 0.18769, 0.635135], [-0.158369, -0.981956, 0.103357], [0.643073, -0.023146, 0.765455]], [[-0.724883, 0.181346, 0.664573], [-0.334156, -0.936192, -0.109016], [0.602398, -0.301095, 0.739228]], [[-0.727086, 0.18298, 0.661713], [-0.469189, -0.836066, -0.28435], [0.501205, -0.517216, 0.693745]]], "btipPosition": [-229.890808, 239.821762, -56.74334], "carpPosition": [-179.694031, 205.238739, 27.39455], "dipPosition": [-224.456802, 234.214172, -49.221844], "direction": [-0.602398, 0.301095, -0.739228], "extended": true, "handId": 116, "id": 1164, "length": 41.125671, "mcpPosition": [-196.322601, 228.781937, -15.382533], "pipPosition": [-214.92836, 229.451599, -37.529095], "timeVisible": 11.90653, "tipPosition": [-229.890808, 239.821762, -56.74334], "type": 4, "width": 14.28416}], "timestamp": 1676626990, "label": 0}, {"currentFrameRate": 115.347862, "devices": [], "hands": [{"armBasis": [[-0.867114, 0.443879, -0.226021], [-0.09777, -0.596598, -0.796562], [-0.488421, -0.668612, 0.560717]], "armWidth": 56.683174, "confidence": 0.922821, "direction": [-0.076275, 0.36483, -0.927945], "elbow": [-284.857483, 30.734957, 183.894638], "grabAngle": 0.0, "grabStrength": 0.0, "id": 116, "palmNormal": [0.067665, 0.930404, 0.360235], "palmPosition": [-159.944366, 222.869934, -10.010523], "palmVelocity": [24.10565, -5.352492, -8.88694], "palmWidth": 80.94165, "pinchDistance": 68.201973, "pinchStrength": 0.0, "timeVisible": 12.010553, "type": "right", "wrist": [-167.547104, 191.324112, 49.220074]}], "id": 72261, "pointables": [{"bases": [[[-0.475705, -0.746779, -0.464786], [0.800106, -0.586889, 0.124061], [-0.365424, -0.312862, 0.876689]], [[-0.37218, -0.697775, -0.612039], [0.5871, -0.687715, 0.427038], [-0.718885, -0.200393, 0.665618]], [[-0.367961, -0.696051, -0.616537], [0.716796, -0.634689, 0.288746], [-0.592291, -0.335684, 0.732467]], [[-0.36229, -0.690154, -0.626445], [0.891168, -0.453395, -0.015882], [-0.273066, -0.564022, 0.779303]]], "btipPosition": [-87.582367, 236.375076, -25.159103], "carpPosition": [-138.420547, 210.047897, 35.028767], "dipPosition": [-91.675735, 227.920166, -13.477043], "direction": [0.592291, 0.335684, -0.732467], "extended": true, "handId": 116, "id": 1160, "length": 43.375469, "mcpPosition": [-138.420547, 210.047897, 35.028767], "pipPosition": [-108.487961, 218.391754, 7.314092], "timeVisible": 12.010553, "tipPosition": [-87.582367, 236.375076, -25.159103], "type": 0, "width": 18.01372}, {"bases": [[[-0.993473, 0.096067, -0.061509], [-0.053294, -0.867639, -0.49433], [-0.100856, -0.487825, 0.867096]], [[-0.979207, 0.130651, -0.155188], [-0.096872, -0.973287, -0.208155], [-0.178238, -0.188794, 0.965706]], [[-0.97896, 0.130971, -0.156471], [-0.07804, -0.948842, -0.305954], [-0.188537, -0.287306, 0.9391]], [[-0.978739, 0.131354, -0.157534], [-0.059571, -0.916973, -0.394477], [-0.19627, -0.376705, 0.905302]]], "btipPosition": [-127.560555, 243.882111, -95.468559], "carpPosition": [-146.34314, 195.491486, 23.93907], "dipPosition": [-129.679321, 239.815521, -85.695694], "direction": [0.188537, 0.287306, -0.9391], "extended": true, "handId": 116, "id": 1161, "length": 48.377178, "mcpPosition": [-139.742615, 227.417221, -32.808044], "pipPosition": [-133.422043, 234.112106, -67.053291], "timeVisible": 12.010553, "tipPosition": [-127.560555, 243.882111, -95.468559], "type": 1, "width": 17.206705}, {"bases": [[[-0.974226, 0.175771, 0.141383], [-0.222686, -0.849407, -0.478455], [0.035993, -0.497607, 0.866655]], [[-0.976718, 0.189201, 0.101116], [-0.199486, -0.974399, -0.10369], [0.078909, -0.121447, 0.989456]], [[-0.976805, 0.18956, 0.099594], [-0.21183, -0.923423, -0.320029], [0.031303, -0.333703, 0.942158]], [[-0.976819, 0.189812, 0.098973], [-0.213809, -0.887778, -0.407597], [0.010499, -0.41931, 0.907782]]], "btipPosition": [-163.324875, 244.329407, -104.355179], "carpPosition": [-157.100342, 195.851791, 21.519266], "dipPosition": [-163.200378, 239.357422, -93.591125], "direction": [-0.031303, 0.333703, -0.942158], "extended": true, "handId": 116, "id": 1162, "length": 55.088219, "mcpPosition": [-159.334198, 226.734924, -32.268204], "pipPosition": [-162.468887, 231.559464, -71.574799], "timeVisible": 12.010553, "tipPosition": [-163.324875, 244.329407, -104.355179], "type": 2, "width": 16.899271}, {"bases": [[[-0.938733, 0.164157, 0.303041], [-0.29046, -0.850108, -0.43926], [0.18551, -0.500369, 0.845705]], [[-0.93617, 0.160784, 0.312624], [-0.193058, -0.978319, -0.07497], [0.293792, -0.13054, 0.946914]], [[-0.936137, 0.160748, 0.312742], [-0.27333, -0.892181, -0.359587], [0.22122, -0.422105, 0.879141]], [[-0.936129, 0.160729, 0.312774], [-0.305411, -0.812495, -0.496565], [0.174315, -0.560373, 0.809689]]], "btipPosition": [-195.727585, 247.894714, -89.339447], "carpPosition": [-167.467224, 198.968063, 22.265869], "dipPosition": [-193.667404, 241.27182, -79.769966], "direction": [-0.22122, 0.422105, -0.879141], "extended": true, "handId": 116, "id": 1163, "length": 53.013954, "mcpPosition": [-177.804276, 226.849854, -24.858873], "pipPosition": [-188.629974, 231.660004, -59.750904], "timeVisible": 12.010553, "tipPosition": [-195.727585, 247.894714, -89.339447], "type": 3, "width": 16.080729}, {"bases": [[[-0.84997, 0.243332, 0.46727], [-0.415393, -0.855071, -0.310326], [0.324037, -0.457868, 0.827863]], [[-0.751048, 0.193266, 0.631328], [-0.167158, -0.980706, 0.101363], [0.638737, -0.029403, 0.768863]], [[-0.731074, 0.187295, 0.656088], [-0.358851, -0.923395, -0.136262], [0.580307, -0.335056, 0.742281]], [[-0.730886, 0.187142, 0.656341], [-0.479235, -0.825437, -0.298309], [0.485942, -0.532571, 0.692985]]], "btipPosition": [-226.858032, 240.378021, -56.602226], "carpPosition": [-177.065247, 204.779755, 27.789511], "dipPosition": [-221.569901, 234.582458, -49.060997], "direction": [-0.580307, 0.335056, -0.742281], "extended": true, "handId": 116, "id": 1164, "length": 41.319199, "mcpPosition": [-193.779617, 228.397369, -14.913048], "pipPosition": [-212.337036, 229.251617, -37.25108], "timeVisible": 12.010553, "tipPosition": [-226.858032, 240.378021, -56.602226], "type": 4, "width": 14.28416}], "timestamp": 1676731013, "label": 0}, {"currentFrameRate": 115.332657, "devices": [], "hands": [{"armBasis": [[-0.869781, 0.445631, -0.211882], [-0.105941, -0.588035, -0.801868], [-0.481932, -0.675002, 0.558672]], "armWidth": 56.683174, "confidence": 0.922469, "direction": [-0.076365, 0.367923, -0.926715], "elbow": [-281.817535, 28.896486, 183.068497], "grabAngle": 0.0, "grabStrength": 0.0, "id": 116, "palmNormal": [0.077043, 0.928828, 0.362413], "palmPosition": [-158.50679, 222.742661, -10.258694], "palmVelocity": [9.934848, -5.543663, -4.252474], "palmWidth": 80.94165, "pinchDistance": 67.840965, "pinchStrength": 0.0, "timeVisible": 12.10596, "type": "right", "wrist": [-166.065781, 191.020432, 48.885044]}], "id": 72272, "pointables": [{"bases": [[[-0.483833, -0.741382, -0.465036], [0.795393, -0.594158, 0.119691], [-0.365042, -0.311976, 0.877163]], [[-0.380899, -0.691505, -0.613789], [0.594066, -0.691712, 0.410635], [-0.708521, -0.208221, 0.674271]], [[-0.37756, -0.690122, -0.617398], [0.710649, -0.643409, 0.28461], [-0.593655, -0.331296, 0.73336]], [[-0.372873, -0.685591, -0.625245], [0.874362, -0.48516, 0.010549], [-0.310576, -0.542756, 0.780358]]], "btipPosition": [-85.826149, 235.872162, -25.917244], "carpPosition": [-136.863434, 209.643524, 34.711189], "dipPosition": [-90.486305, 227.728165, -14.208069], "direction": [0.593655, 0.331296, -0.73336], "extended": true, "handId": 116, "id": 1160, "length": 43.413044, "mcpPosition": [-136.863434, 209.643524, 34.711189], "pipPosition": [-107.35096, 218.316666, 6.625336], "timeVisible": 12.10596, "tipPosition": [-85.826149, 235.872162, -25.917244], "type": 0, "width": 18.01372}, {"bases": [[[-0.992808, 0.104875, -0.057731], [-0.062598, -0.865838, -0.496394], [-0.102045, -0.48921, 0.866176]], [[-0.978713, 0.139415, -0.150613], [-0.1057, -0.971456, -0.212369], [-0.175921, -0.191929, 0.965513]], [[-0.978489, 0.139706, -0.151795], [-0.089338, -0.95018, -0.298626], [-0.185952, -0.278641, 0.942221]], [[-0.97829, 0.140042, -0.152766], [-0.072504, -0.921834, -0.380743], [-0.194145, -0.361401, 0.911974]]], "btipPosition": [-126.296707, 243.452927, -96.036385], "carpPosition": [-145.0242, 195.164749, 23.559834], "dipPosition": [-128.397537, 239.542236, -86.167984], "direction": [0.185952, 0.278641, -0.942221], "extended": true, "handId": 116, "id": 1161, "length": 48.477009, "mcpPosition": [-138.345871, 227.181122, -33.127075], "pipPosition": [-132.097382, 233.998199, -67.420868], "timeVisible": 12.10596, "tipPosition": [-126.296707, 243.452927, -96.036385], "type": 1, "width": 17.206705}, {"bases": [[[-0.972152, 0.183874, 0.145298], [-0.231768, -0.846173, -0.47987], [0.034712, -0.500182, 0.865224]], [[-0.974089, 0.194124, 0.116046], [-0.208418, -0.969722, -0.127284], [0.087823, -0.148172, 0.985054]], [[-0.974151, 0.194351, 0.115142], [-0.2