[{ "currentFrameRate": 43.98077, "devices": [], "hands": [{ "armBasis": [
            [0.090956, 0.991176, 0.096425],
            [-0.188174, 0.112188, -0.975707],
            [-0.977915, 0.070602, 0.196718]
        ], "armWidth": 58.108341, "confidence": 0.406728, "direction": [0.944237, 0.263879, 0.196938], "elbow": [-257.772766, 190.593643, 38.814789], "grabAngle": 2.552338, "grabStrength": 0.438217, "id": 94, "palmNormal": [-0.141528, -0.214782, 0.966353], "palmPosition": [48.459721, 180.861008, 2.988204], "palmVelocity": [4.792915, 57.702808, -127.210648], "palmWidth": 82.396156, "pinchDistance": 33.226421, "pinchStrength": 0.736342, "timeVisible": 29.372721, "type": "right", "wrist": [-18.673582, 173.331635, -9.282507] }], "id": 33754, "pointables": [{ "bases": [
            [
                [0.191205, 0.621988, -0.759323],
                [-0.065944, -0.763708, -0.642185],
                [-0.979332, 0.172862, -0.105008]
            ],
            [
                [0.512669, 0.556083, -0.654172],
                [0.141943, -0.806328, -0.574185],
                [-0.846772, 0.201512, -0.492312]
            ],
            [
                [0.495588, 0.556616, -0.666762],
                [0.473639, -0.816672, -0.329717],
                [-0.728051, -0.152401, -0.668368]
            ],
            [
                [0.477563, 0.5429, -0.690791],
                [0.823648, -0.550329, 0.136901],
                [-0.305839, -0.634348, -0.709976]
            ]
        ], "btipPosition": [67.471313, 155.289124, 46.702484], "carpPosition": [6.391287, 149.807434, -3.87366], "dipPosition": [62.847633, 145.699051, 35.96907], "direction": [0.728051, 0.152401, 0.668368], "extended": false, "handId": 94, "id": 940, "length": 43.758045, "mcpPosition": [6.391287, 149.807434, -3.87366], "pipPosition": [41.99622, 141.33429, 16.826986], "timeVisible": 29.372721, "tipPosition": [67.471313, 155.289124, 46.702484], "type": 0, "width": 18.523361 }, { "bases": [
            [
                [-0.134539, 0.971295, 0.196176],
                [0.285447, 0.227573, -0.930984],
                [-0.948904, -0.069256, -0.30787]
            ],
            [
                [-0.146046, 0.971394, 0.187253],
                [0.833006, 0.222857, -0.506395],
                [-0.533639, 0.082026, -0.841725]
            ],
            [
                [-0.146738, 0.971593, 0.185672],
                [0.956173, 0.187402, -0.224975],
                [-0.25338, 0.144522, -0.95651]
            ],
            [
                [-0.146877, 0.97221, 0.182306],
                [0.973691, 0.109643, 0.19976],
                [0.17422, 0.20685, -0.962736]
            ]
        ], "btipPosition": [98.438232, 157.958786, 59.876328], "carpPosition": [12.983503, 161.397476, -20.211651], "dipPosition": [100.324867, 160.198776, 49.450825], "direction": [0.25338, -0.144522, 0.95651], "extended": false, "handId": 94, "id": 941, "length": 48.633617, "mcpPosition": [76.200531, 166.011398, 0.299013], "pipPosition": [95.27417, 163.079575, 30.384418], "timeVisible": 29.372721, "tipPosition": [98.438232, 157.958786, 59.876328], "type": 1, "width": 17.693514 }, { "bases": [
            [
                [-0.30818, 0.899886, 0.308594],
                [0.237689, 0.38693, -0.890948],
                [-0.921156, -0.201223, -0.333138]
            ],
            [
                [-0.307876, 0.899914, 0.308815],
                [0.722794, 0.432297, -0.539155],
                [-0.618693, 0.057217, -0.783547]
            ],
            [
                [-0.310926, 0.90161, 0.300706],
                [0.94983, 0.306044, 0.064495],
                [-0.03388, 0.305673, -0.951534]
            ],
            [
                [-0.307353, 0.905818, 0.291595],
                [0.692006, 0.002419, 0.721888],
                [0.653194, 0.42366, -0.627575]
            ]
        ], "btipPosition": [88.54229, 170.506332, 64.365059], "carpPosition": [12.681823, 172.365967, -17.924131], "dipPosition": [96.379303, 175.589401, 56.835415], "direction": [0.03388, -0.305673, 0.951534], "extended": false, "handId": 94, "id": 942, "length": 55.532093, "mcpPosition": [70.87912, 185.078934, 3.12301], "pipPosition": [95.580711, 182.794525, 34.40646], "timeVisible": 29.372721, "tipPosition": [88.54229, 170.506332, 64.365059], "type": 2, "width": 17.377382 }, { "bases": [
            [
                [-0.457412, 0.82872, 0.322486],
                [0.185578, 0.443622, -0.87679],
                [-0.869675, -0.341208, -0.356711]
            ],
            [
                [-0.439782, 0.831334, 0.339816],
                [0.799684, 0.534692, -0.27315],
                [-0.408775, 0.151619, -0.899952]
            ],
            [
                [-0.43413, 0.847899, 0.3043],
                [0.633256, 0.046985, 0.772515],
                [0.640717, 0.528071, -0.557335]
            ],
            [
                [-0.399762, 0.864894, 0.303559],
                [-0.394621, -0.461304, 0.794653],
                [0.827324, 0.197881, 0.525717]
            ]
        ], "btipPosition": [50.14814, 181.375412, 46.79668], "carpPosition": [10.478496, 182.36467, -13.642611], "dipPosition": [60.160858, 183.770279, 53.159195], "direction": [-0.640717, -0.528071, 0.557335], "extended": false, "handId": 94, "id": 943, "length": 54.039852, "mcpPosition": [59.809738, 201.719254, 6.591364], "pipPosition": [75.070732, 196.058807, 40.189686], "timeVisible": 29.372721, "tipPosition": [50.14814, 181.375412, 46.79668], "type": 3, "width": 16.535681 }, { "bases": [
            [
                [-0.579326, 0.698892, 0.419442],
                [0.034607, 0.535219, -0.844004],
                [-0.814361, -0.474438, -0.334253]
            ],
            [
                [-0.560199, 0.704019, 0.436502],
                [0.650127, 0.700221, -0.295001],
                [-0.513334, 0.118522, -0.849965]
            ],
            [
                [-0.561819, 0.721754, 0.404266],
                [0.699983, 0.154308, 0.69729],
                [0.44089, 0.67473, -0.591908]
            ],
            [
                [-0.533734, 0.744323, 0.401386],
                [-0.208646, -0.575881, 0.790461],
                [0.819509, 0.338148, 0.462667]
            ]
        ], "btipPosition": [45.895012, 197.067047, 41.272942], "carpPosition": [4.289226, 190.553604, -6.101427], "dipPosition": [55.054848, 200.846603, 46.444279], "direction": [-0.44089, -0.67473, 0.591908], "extended": false, "handId": 94, "id": 944, "length": 42.482819, "mcpPosition": [47.050163, 215.465698, 11.449728], "pipPosition": [62.30582, 211.943359, 36.709625], "timeVisible": 29.372721, "tipPosition": [45.895012, 197.067047, 41.272942], "type": 4, "width": 14.688284 }], "timestamp": 1225878631, "label": 3 }, { "currentFrameRate": 43.975704, "devices": [], "hands": [{ "armBasis": [
            [0.008209, 0.999959, -0.003933],
            [-0.414233, -0.000179, -0.910171],
            [-0.910134, 0.009101, 0.414214]
        ], "armWidth": 58.108341, "confidence": 0.380286, "direction": [0.945436, 0.305004, 0.114555], "elbow": [-279.279144, 197.948669, 47.430012], "grabAngle": 2.45309, "grabStrength": 0.268604, "id": 94, "palmNormal": [-0.062943, -0.173994, 0.982733], "palmPosition": [10.514503, 206.536102, -48.482166], "palmVelocity": [-107.726578, 50.952969, -75.122459], "palmWidth": 82.396156, "pinchDistance": 36.411652, "pinchStrength": 0.5656, "timeVisible": 29.782253, "type": "right", "wrist": [-56.752335, 195.723572, -53.844925] }], "id": 33772, "pointables": [{ "bases": [
            [
                [-0.15639, 0.97424, 0.162474],
                [0.208464, 0.19335, -0.958727],
                [-0.965445, -0.116066, -0.233332]
            ],
            [
                [-0.173881, 0.973026, 0.151608],
                [0.745867, 0.230652, -0.624885],
                [-0.642999, 0.004424, -0.765855]
            ],
            [
                [-0.173925, 0.973028, 0.151548],
                [0.826961, 0.227873, -0.514013],
                [-0.534682, 0.035924, -0.844289]
            ],
            [
                [-0.174496, 0.973106, 0.150383],
                [0.924754, 0.214415, -0.314415],
                [-0.338203, 0.084203, -0.937298]
            ]
        ], "btipPosition": [75.947334, 190.716766, 2.283674], "carpPosition": [-25.847784, 184.780869, -67.880997], "dipPosition": [72.262482, 191.634186, -7.928547], "direction": [0.534682, -0.035924, 0.844289], "extended": true, "handId": 94, "id": 941, "length": 48.887264, "mcpPosition": [38.47123, 192.513306, -52.336155], "pipPosition": [61.540432, 192.354584, -24.85918], "timeVisible": 29.782253, "tipPosition": [75.947334, 190.716766, 2.283674], "type": 1, "width": 17.693514 }, { "bases": [
            [
                [0.112149, 0.591915, -0.79816],
                [-0.083553, -0.794766, -0.601137],
                [-0.990172, 0.134106, -0.039676]
            ],
            [
                [0.431257, 0.545778, -0.718432],
                [0.135841, -0.826486, -0.546322],
                [-0.891945, 0.138012, -0.430567]
            ],
            [
                [0.417241, 0.545767, -0.726669],
                [0.412129, -0.826279, -0.383942],
                [-0.809975, -0.139286, -0.569684]
            ],
            [
                [0.398991, 0.536029, -0.743961],
                [0.77186, -0.63433, -0.043086],
                [-0.495013, -0.557043, -0.666832]
            ]
        ], "btipPosition": [37.740719, 180.203033, -6.088718], "carpPosition": [-30.600239, 173.561218, -50.704483], "dipPosition": [30.22979, 171.7509, -16.206696], "direction": [0.809975, 0.139286, 0.569684], "extended": false, "handId": 94, "id": 940, "length": 43.901917, "mcpPosition": [-30.600239, 173.561218, -50.704483], "pipPosition": [6.96025, 167.749405, -32.572987], "timeVisible": 29.782253, "tipPosition": [37.740719, 180.203033, -6.088718], "type": 0, "width": 18.523361 }, { "bases": [
            [
                [-0.318619, 0.902271, 0.290499],
                [0.157776, 0.352679, -0.922347],
                [-0.93466, -0.248043, -0.254727]
            ],
            [
                [-0.315833, 0.902742, 0.292074],
                [0.608687, 0.428913, -0.667483],
                [-0.727839, -0.033031, -0.684952]
            ],
            [
                [-0.31921, 0.903281, 0.286684],
                [0.90263, 0.381955, -0.19842],
                [-0.288729, 0.195432, -0.937252]
            ],
            [
                [-0.319032, 0.905652, 0.279308],
                [0.887572, 0.18217, 0.42312],
                [0.332318, 0.382894, -0.86195]
            ]
        ], "btipPosition": [64.831612, 203.666534, 9.729254], "carpPosition": [-26.281378, 195.908905, -66.446548], "dipPosition": [68.834267, 208.278366, -0.652639], "direction": [0.288729, -0.195432, 0.937252], "extended": false, "handId": 94, "id": 942, "length": 55.804085, "mcpPosition": [32.769043, 211.579926, -50.353256], "pipPosition": [61.996902, 212.906372, -22.847624], "timeVisible": 29.782253, "tipPosition": [64.831612, 203.666534, 9.729254], "type": 2, "width": 17.377382 }, { "bases": [
            [
                [-0.46367, 0.826764, 0.318546],
                [0.104734, 0.408154, -0.906885],
                [-0.879796, -0.387133, -0.275839]
            ],
            [
                [-0.439928, 0.832074, 0.337812],
                [0.736747, 0.549497, -0.394026],
                [-0.513486, 0.075539, -0.854767]
            ],
            [
                [-0.437035, 0.847643, 0.300836],
                [0.646447, 0.063458, 0.760315],
                [0.625385, 0.526759, -0.57569]
            ],
            [
                [-0.399645, 0.865113, 0.303089],
                [-0.535123, -0.488633, 0.689117],
                [0.744263, 0.113212, 0.658221]
            ]
        ], "btipPosition": [16.977312, 211.460587, -9.268672], "carpPosition": [-28.557093, 206.003174, -62.423023], "dipPosition": [26.007408, 212.834183, -1.28252], "direction": [-0.625385, -0.526759, 0.57569], "extended": false, "handId": 94, "id": 943, "length": 54.226471, "mcpPosition": [21.348232, 227.96283, -46.77639], "pipPosition": [40.605289, 225.129913, -14.7204], "timeVisible": 29.782253, "tipPosition": [16.977312, 211.460587, -9.268672], "type": 3, "width": 16.535681 }, { "bases": [
            [
                [-0.573269, 0.697521, 0.429915],
                [-0.046801, 0.49596, -0.867083],
                [-0.818029, -0.517193, -0.251675]
            ],
            [
                [-0.566709, 0.699914, 0.434697],
                [0.551429, 0.714212, -0.431077],
                [-0.612183, -0.004591, -0.790703]
            ],
            [
                [-0.569547, 0.707187, 0.41893],
                [0.742634, 0.224283, 0.631024],
                [0.352293, 0.67051, -0.652921]
            ],
            [
                [-0.556189, 0.718965, 0.416824],
                [-0.19047, -0.598489, 0.778159],
                [0.808934, 0.353412, 0.469815]
            ]
        ], "btipPosition": [11.825832, 226.429382, -12.314631], "carpPosition": [-34.488426, 214.13945, -54.56226], "dipPosition": [20.879917, 230.384979, -7.056181], "direction": [-0.352293, -0.67051, 0.652921], "extended": false, "handId": 94, "id": 944, "length": 42.550697, "mcpPosition": [8.465143, 241.296509, -41.347183], "pipPosition": [26.684734, 241.433136, -17.814518], "timeVisible": 29.782253, "tipPosition": [11.825832, 226.429382, -12.314631], "type": 4, "width": 14.688284 }], "timestamp": 1226288163, "label": 3 }, { "currentFrameRate": 43.919357, "devices": [], "hands": [{ "armBasis": [
            [-0.161242, 0.986357, -0.033178],
            [-0.488393, -0.108961, -0.865794],
            [-0.857597, -0.123399, 0.499299]
        ], "armWidth": 58.108341, "confidence": 0.311687, "direction": [0.90218, 0.431002, 0.017567], "elbow": [-309.633789, 173.951065, 43.722427], "grabAngle": 2.680276, "grabStrength": 0.413102, "id": 94, "palmNormal": [0.040242, -0.124643, 0.991385], "palmPosition": [-34.662861, 224.227921, -79.45575], "palmVelocity": [-126.874664, 4.203258, -104.622032], "palmWidth": 82.396156, "pinchDistance": 36.234982, "pinchStrength": 0.92809, "timeVisible": 30.169289, "type": "right", "wrist": [-99.952179, 204.121887, -78.355766] }], "id": 33789, "pointables": [{ "bases": [
            [
                [-0.271904, 0.95338, 0.130902],
                [0.10283, 0.164032, -0.981081],
                [-0.956815, -0.253299, -0.142637]
            ],
            [
                [-0.283463, 0.95081, 0.12494],
                [0.660364, 0.288004, -0.693522],
                [-0.695391, -0.114081, -0.709519]
            ],
            [
                [-0.283723, 0.950773, 0.124625],
                [0.77301, 0.303684, -0.556985],
                [-0.567413, -0.061693, -0.821119]
            ],
            [
                [-0.284335, 0.950741, 0.123473],
                [0.886604, 0.309763, -0.343482],
                [-0.364809, 0.011808, -0.931007]
            ]
        ], "btipPosition": [34.902878, 218.964142, -32.855225], "carpPosition": [-69.233009, 196.877182, -94.548203], "dipPosition": [30.915586, 219.093201, -43.030941], "direction": [0.567413, 0.061693, 0.821119], "extended": true, "handId": 94, "id": 941, "length": 49.011421, "mcpPosition": [-5.488988, 213.752243, -85.045563], "pipPosition": [19.504427, 217.852509, -59.544346], "timeVisible": 30.169289, "tipPosition": [34.902878, 218.964142, -32.855225], "type": 1, "width": 17.693514 }, { "bases": [
            [
                [-0.03277, 0.55521, -0.831065],
                [-0.024444, -0.831708, -0.554675],
                [-0.999164, 0.002138, 0.040827]
            ],
            [
                [0.312017, 0.558741, -0.76841],
                [0.234497, -0.829055, -0.50762],
                [-0.920683, -0.021803, -0.389703]
            ],
            [
                [0.296763, 0.556101, -0.776327],
                [0.499962, -0.783107, -0.36984],
                [-0.813616, -0.278379, -0.510426]
            ],
            [
                [0.277511, 0.542386, -0.792973],
                [0.834934, -0.544472, -0.080218],
                [-0.475261, -0.639819, -0.603953]
            ]
        ], "btipPosition": [-1.602952, 204.625137, -36.234341], "carpPosition": [-71.014313, 185.980026, -76.509102], "dipPosition": [-8.82323, 194.904861, -45.40974], "direction": [0.813616, 0.278379, 0.510426], "extended": false, "handId": 94, "id": 940, "length": 43.952286, "mcpPosition": [-71.014313, 185.980026, -76.509102], "pipPosition": [-32.222851, 186.898666, -60.089622], "timeVisible": 30.169289, "tipPosition": [-1.602952, 204.625137, -36.234341], "type": 0, "width": 18.523361 }, { "bases": [
            [
                [-0.412193, 0.868367, 0.275747],
                [0.034349, 0.31725, -0.94772],
                [-0.910449, -0.381171, -0.160596]
            ],
            [
                [-0.409664, 0.869146, 0.277057],
                [0.560724, 0.479477, -0.675048],
                [-0.719558, -0.12119, -0.683776]
            ],
            [
                [-0.413404, 0.869786, 0.269387],
                [0.906744, 0.42026, 0.03458],
                [-0.083136, 0.258561, -0.962411]
            ],
            [
                [-0.409131, 0.874527, 0.260412],
                [0.51522, -0.01414, 0.856942],
                [0.753101, 0.484771, -0.444788]
            ]
        ], "btipPosition": [8.411139, 224.8638, -27.563093], "carpPosition": [-70.973915, 207.948257, -93.652573], "dipPosition": [17.563498, 230.755173, -32.968563], "direction": [0.083136, -0.258561, 0.962411], "extended": false, "handId": 94, "id": 942, "length": 56.171539, "mcpPosition": [-13.453081, 232.030106, -83.506348], "pipPosition": [15.581248, 236.920166, -55.915825], "timeVisible": 30.169289, "tipPosition": [8.411139, 224.8638, -27.563093], "type": 2, "width": 17.377382 }, { "bases": [
            [
                [-0.543089, 0.776406, 0.319762],
                [-0.024228, 0.366168, -0.930233],
                [-0.839326, -0.512947, -0.180051]
            ],
            [
                [-0.527464, 0.781431, 0.333389],
                [0.745917, 0.613804, -0.258559],
                [-0.406681, 0.1123, -0.906642]
            ],
            [
                [-0.518472, 0.805414, 0.28722],
                [0.530658, 0.039674, 0.846657],
                [0.670514, 0.591383, -0.447969]
            ],
            [
                [-0.480772, 0.82756, 0.289834],
                [-0.377086, -0.493548, 0.783719],
                [0.791622, 0.267498, 0.549345]
            ]
        ], "btipPosition": [-36.651073, 225.697906, -41.880852], "carpPosition": [-74.280449, 217.862747, -89.923393], "dipPosition": [-27.055912, 228.940216, -35.222298], "direction": [-0.670514, -0.591383, 0.447969], "extended": false, "handId": 94, "id": 943, "length": 54.229996, "mcpPosition": [-26.670742, 246.959, -79.710251], "pipPosition": [-11.405448, 242.743683, -45.678333], "timeVisible": 30.169289, "tipPosition": [-36.651073, 225.697906, -41.880852], "type": 3, "width": 16.535681 }, { "bases": [
            [
                [-0.625063, 0.640574, 0.44605],
                [-0.18246, 0.435704, -0.881402],
                [-0.75895, -0.632318, -0.155463]
            ],
            [
                [-0.608557, 0.647309, 0.458966],
                [0.598295, 0.754248, -0.270466],
                [-0.52125, 0.110003, -0.846285]
            ],
            [
                [-0.609886, 0.673354, 0.417893],
                [0.631932, 0.095006, 0.769178],
                [0.478227, 0.733191, -0.483457]
            ],
            [
                [-0.578044, 0.700885, 0.417882],
                [-0.184989, -0.611329, 0.769452],
                [0.794761, 0.367473, 0.483031]
            ]
        ], "btipPosition": [-41.979786, 239.304626, -45.945202], "carpPosition": [-80.593407, 225.581421, -81.903313], "dipPosition": [-33.086994, 243.416382, -40.540443], "direction": [-0.478227, -0.733191, 0.483457], "extended": false, "handId": 94, "id": 944, "length": 42.581688, "mcpPosition": [-40.742012, 258.783569, -73.740173], "pipPosition": [-25.202671, 255.504181, -48.510986], "timeVisible": 30.169289, "tipPosition": [-41.979786, 239.304626, -45.945202], "type": 4, "width": 14.688284 }], "timestamp": 1226675199, "label": 3 }, { "currentFrameRate": 43.949547, "devices": [], "hands": [{ "armBasis": [
            [-0.365993, 0.92597, -0.092889],
            [-0.513853, -0.284297, -0.809401],
            [-0.775889, -0.248504, 0.579863]
        ], "armWidth": 58.108341, "confidence": 0.305556, "direction": [0.7852, 0.618161, -0.036586], "elbow": [-350.693237, 133.714294, 57.453178], "grabAngle": 2.474658, "grabStrength": 0.37327, "id": 94, "palmNormal": [0.098516, -0.066371, 0.99292], "palmPosition": [-101.822556, 228.009186, -89.390999], "palmVelocity": [-207.12674, 29.055313, 42.179844], "palmWidth": 82.396156, "pinchDistance": 35.268391, "pinchStrength": 0.827312, "timeVisible": 30.578777, "type": "right", "wrist": [-160.989105, 194.473221, -84.322838] }], "id": 33807, "pointables": [{ "bases": [
            [
                [-0.47084, 0.875916, 0.105266],
                [0.032624, 0.136525, -0.990099],
                [-0.881615, -0.462744, -0.092858]
            ],
            [
                [-0.484058, 0.869423, 0.09895],
                [0.540789, 0.386138, -0.747291],
                [-0.687921, -0.308221, -0.657088]
            ],
            [
                [-0.484385, 0.869285, 0.098562],
                [0.681523, 0.445579, -0.580505],
                [-0.548541, -0.214016, -0.80827]
            ],
            [
                [-0.484872, 0.86912, 0.097615],
                [0.802813, 0.486581, -0.344572],
                [-0.346972, -0.088707, -0.933671]
            ]
        ], "btipPosition": [-31.597368, 240.306, -45.478016], "carpPosition": [-129.981628, 193.085526, -101.881836], "dipPosition": [-35.40406, 239.332779, -55.721474], "direction": [0.548541, 0.214016, 0.80827], "extended": true, "handId": 94, "id": 941, "length": 49.156906, "mcpPosition": [-71.247475, 223.914047, -95.695564], "pipPosition": [-46.473083, 235.014145, -72.031563], "timeVisible": 30.578777, "tipPosition": [-31.597368, 240.306, -45.478016], "type": 1, "width": 17.693514 }, { "bases": [
            [
                [-0.180905, 0.495162, -0.849757],
                [0.141522, -0.841915, -0.520721],
                [-0.973265, -0.214461, 0.08223]
            ],
            [
                [0.153304, 0.576437, -0.802632],
                [0.394795, -0.780323, -0.485008],
                [-0.905889, -0.242521, -0.347201]
            ],
            [
                [0.141691, 0.571773, -0.808084],
                [0.606498, -0.695305, -0.38563],
                [-0.782358, -0.435461, -0.445298]
            ],
            [
                [0.127001, 0.558503, -0.819722],
                [0.874226, -0.453457, -0.17351],
                [-0.468615, -0.694587, -0.545847]
            ]
        ], "btipPosition": [-60.859367, 216.272858, -47.713551], "carpPosition": [-128.68956, 182.952164, -83.467514], "dipPosition": [-67.986397, 205.709091, -56.015186], "direction": [0.782358, 0.435461, 0.445298], "extended": false, "handId": 94, "id": 940, "length": 43.993584, "mcpPosition": [-128.68956, 182.952164, -83.467514], "pipPosition": [-90.506462, 193.174393, -68.833023], "timeVisible": 30.578777, "tipPosition": [-60.859367, 216.272858, -47.713551], "type": 0, "width": 18.523361 }, { "bases": [
            [
                [-0.584237, 0.76915, 0.258987],
                [-0.06681, 0.272451, -0.959847],
                [-0.808828, -0.578082, -0.107789]
            ],
            [
                [-0.582835, 0.769956, 0.259754],
                [0.467574, 0.579213, -0.667747],
                [-0.664589, -0.267732, -0.697597]
            ],
            [
                [-0.586212, 0.76952, 0.253365],
                [0.781362, 0.619655, -0.074174],
                [-0.214078, 0.154488, -0.964523]
            ],
            [
                [-0.585259, 0.772773, 0.245549],
                [0.693637, 0.320317, 0.645186],
                [0.419929, 0.547923, -0.723492]
            ]
        ], "btipPosition": [-56.137722, 240.556732, -34.740925], "carpPosition": [-134.086456, 203.553467, -101.497429], "dipPosition": [-51.041733, 247.205978, -43.520763], "direction": [0.214078, -0.154488, 0.964523], "extended": false, "handId": 94, "id": 942, "length": 56.167439, "mcpPosition": [-82.98587, 240.075821, -94.687485], "pipPosition": [-56.14502, 250.888748, -66.513535], "timeVisible": 30.578777, "tipPosition": [-56.137722, 240.556732, -34.740925], "type": 2, "width": 17.377382 }, { "bases": [
            [
                [-0.690185, 0.652956, 0.311918],
                [-0.13413, 0.30814, -0.941838],
                [-0.711093, -0.69188, -0.125093]
            ],
            [
                [-0.671434, 0.664987, 0.32706],
                [0.541295, 0.741516, -0.396425],
                [-0.506138, -0.089137, -0.857834]
            ],
            [
                [-0.674711, 0.680583, 0.285609],
                [0.628439, 0.32679, 0.705884],
                [0.387079, 0.655756, -0.648193]
            ],
            [
                [-0.651931, 0.705885, 0.276971],
                [0.019614, -0.349442, 0.936753],
                [0.758025, 0.61613, 0.213967]
            ]
        ], "btipPosition": [-98.255562, 232.472153, -46.132271], "carpPosition": [-139.385941, 212.646286, -97.985199], "dipPosition": [-89.069733, 239.938492, -43.539394], "direction": [-0.387079, -0.655756, 0.648193], "extended": false, "handId": 94, "id": 943, "length": 54.235802, "mcpPosition": [-99.050064, 251.892349, -90.889473], "pipPosition": [-80.037125, 255.240768, -58.665199], "timeVisible": 30.578777, "tipPosition": [-98.255562, 232.472153, -46.132271], "type": 3, "width": 16.535681 }, { "bases": [
            [
                [-0.736135, 0.50854, 0.446646],
                [-0.302139, 0.343603, -0.889185],
                [-0.605655, -0.789509, -0.099288]
            ],
            [
                [-0.719039, 0.521034, 0.459898],
                [0.391334, 0.85042, -0.351629],
                [-0.574317, -0.072861, -0.815384]
            ],
            [
                [-0.72901, 0.539258, 0.421598],
                [0.654616, 0.369235, 0.659654],
                [0.200055, 0.756879, -0.622183]
            ],
            [
                [-0.709874, 0.570201, 0.413462],
                [0.142815, -0.458307, 0.877245],
                [0.689698, 0.681782, 0.243907]
            ]
        ], "btipPosition": [-109.048393, 242.661469, -52.889187], "carpPosition": [-146.957855, 219.13829, -89.938904], "dipPosition": [-101.331665, 250.289627, -50.160221], "direction": [-0.200055, -0.756879, 0.622183], "extended": false, "handId": 94, "id": 944, "length": 42.57951, "mcpPosition": [-115.155769, 260.594299, -84.725441], "pipPosition": [-98.033829, 262.766479, -60.416668], "timeVisible": 30.578777, "tipPosition": [-109.048393, 242.661469, -52.889187], "type": 4, "width": 14.688284 }], "timestamp": 1227084687, "label": 3 }, { "currentFrameRate": 43.967796, "devices": [], "hands": [{ "armBasis": [
            [-0.514455, 0.857178, -0.024126],
            [-0.373319, -0.249207, -0.893604],
            [-0.77199, -0.450712, 0.448207]
        ], "armWidth": 58.108341, "confidence": 0.414135, "direction": [0.672573, 0.722277, 0.161124], "elbow": [-408.246368, 84.13224, 54.527996], "grabAngle": 2.062528, "grabStrength": 0.482873, "id": 94, "palmNormal": [-0.016444, -0.203086, 0.979023], "palmPosition": [-166.557251, 236.477753, -47.192471], "palmVelocity": [-121.302315, -11.788622, 128.064072], "palmWidth": 82.396156, "pinchDistance": 30.160057, "pinchStrength": 0.847469, "timeVisible": 30.965408, "type": "right", "wrist": [-219.495514, 194.330948, -55.058094] }], "id": 33824, "pointables": [{ "bases": [
            [
                [-0.616418, 0.773001, 0.149996],
                [0.133042, 0.289995, -0.947735],
                [-0.776098, -0.564246, -0.2816]
            ],
            [
                [-0.638214, 0.758634, 0.130985],
                [0.59079, 0.591715, -0.548489],
                [-0.493609, -0.272669, -0.825834]
            ],
            [
                [-0.638789, 0.758361, 0.129758],
                [0.69427, 0.640851, -0.327566],
                [-0.331569, -0.119158, -0.935876]
            ],
            [
                [-0.639296, 0.758312, 0.127524],
                [0.761647, 0.647266, -0.030672],
                [-0.1058, 0.07752, -0.991361]
            ]
        ], "btipPosition": [-109.578766, 249.171219, 9.78829], "carpPosition": [-186.840149, 200.234299, -68.28521], "dipPosition": [-110.734306, 250.017883, -1.039253], "direction": [0.331569, 0.119158, 0.935876], "extended": true, "handId": 94, "id": 941, "length": 48.987831, "mcpPosition": [-135.135651, 237.824951, -49.524704], "pipPosition": [-117.398575, 247.622894, -19.8496], "timeVisible": 30.965408, "tipPosition": [-109.578766, 249.171219, 9.78829], "type": 1, "width": 17.693514 }, { "bases": [
            [
                [-0.151764, 0.588616, -0.794039],
                [0.340297, -0.723117, -0.601082],
                [-0.92799, -0.361432, -0.090561]
            ],
            [
                [0.115355, 0.701347, -0.703425],
                [0.601329, -0.612955, -0.512532],
                [-0.790631, -0.363867, -0.492447]
            ],
            [
                [0.103778, 0.694051, -0.712406],
                [0.784015, -0.497829, -0.370792],
                [-0.612005, -0.520057, -0.59581]
            ],
            [
                [0.092145, 0.677329, -0.729887],
                [0.967616, -0.233906, -0.094906],
                [-0.235007, -0.697505, -0.676948]
            ]
        ], "btipPosition": [-132.050613, 228.811768, -3.393974], "carpPosition": [-186.449722, 188.004425, -51.4753], "dipPosition": [-135.611725, 218.24234, -13.65189], "direction": [0.612005, 0.520057, 0.59581], "extended": false, "handId": 94, "id": 940, "length": 43.849236, "mcpPosition": [-186.449722, 188.004425, -51.4753], "pipPosition": [-153.173859, 203.318756, -30.749294], "timeVisible": 30.965408, "tipPosition": [-132.050613, 228.811768, -3.393974], "type": 0, "width": 18.523361 }, { "bases": [
            [
                [-0.729193, 0.628823, 0.269925],
                [0.009843, 0.404047, -0.914685],
                [-0.684238, -0.664325, -0.300818]
            ],
            [
                [-0.743908, 0.617843, 0.254699],
                [0.493295, 0.764792, -0.414431],
                [-0.450845, -0.182657, -0.873714]
            ],
            [
                [-0.743893, 0.617841, 0.254746],
                [0.657149, 0.745594, 0.110659],
                [-0.121568, 0.249724, -0.960656]
            ],
            [
                [-0.743885, 0.617882, 0.254672],
                [0.59406, 0.436779, 0.675512],
                [0.306151, 0.653794, -0.691972]
            ]
        ], "btipPosition": [-132.134796, 245.277069, 18.236715], "carpPosition": [-192.668442, 209.759628, -66.963562], "dipPosition": [-128.446579, 253.153351, 9.900497], "direction": [0.121568, -0.249724, 0.960656], "extended": false, "handId": 94, "id": 942, "length": 55.823769, "mcpPosition": [-149.439316, 251.730713, -47.958351], "pipPosition": [-131.326385, 259.069061, -12.856421], "timeVisible": 30.965408, "tipPosition": [-132.134796, 245.277069, 18.236715], "type": 2, "width": 17.377382 }, { "bases": [
            [
                [-0.820589, 0.491948, 0.290895],
                [-0.064097, 0.426558, -0.902186],
                [-0.567912, -0.75897, -0.318497]
            ],
            [
                [-0.816282, 0.495883, 0.296284],
                [0.408341, 0.858133, -0.311233],
                [-0.408586, -0.133069, -0.902967]
            ],
            [
                [-0.820114, 0.49977, 0.278643],
                [0.571567, 0.692616, 0.439994],
                [0.026903, 0.520109, -0.853676]
            ],
            [
                [-0.817443, 0.509178, 0.269304],
                [0.456607, 0.287799, 0.841833],
                [0.351138, 0.811116, -0.467753]
            ]
        ], "btipPosition": [-157.163132, 243.54982, 14.073864], "carpPosition": [-199.794067, 217.325043, -63.114433], "dipPosition": [-152.941162, 253.302429, 8.449744], "direction": [-0.026903, -0.520109, 0.853676], "extended": false, "handId": 94, "id": 943, "length": 53.858181, "mcpPosition": [-167.579941, 260.376678, -45.048111], "pipPosition": [-152.31813, 265.347168, -11.319779], "timeVisible": 30.965408, "tipPosition": [-157.163132, 243.54982, 14.073864], "type": 3, "width": 16.535681 }, { "bases": [
            [
                [-0.858858, 0.323512, 0.397119],
                [-0.240868, 0.429141, -0.870529],
                [-0.452046, -0.843314, -0.290647]
            ],
            [
                [-0.854506, 0.328143, 0.402669],
                [0.234993, 0.93554, -0.263711],
                [-0.463247, -0.130718, -0.876536]
            ],
            [
                [-0.860183, 0.332197, 0.386951],
                [0.488549, 0.75443, 0.438355],
                [-0.146307, 0.56611, -0.811242]
            ],
            [
                [-0.858279, 0.348611, 0.376601],
                [0.400637, -0.003427, 0.91623],
                [0.320699, 0.937261, -0.136726]
            ]
        ], "btipPosition": [-172.958328, 249.875671, 0.545496], "carpPosition": [-209.292435, 221.456985, -55.620518], "dipPosition": [-169.38028, 260.332733, -0.979957], "direction": [0.146307, -0.56611, 0.811242], "extended": false, "handId": 94, "id": 944, "length": 42.438457, "mcpPosition": [-185.556107, 265.73822, -40.359047], "pipPosition": [-171.781799, 269.625031, -14.295926], "timeVisible": 30.965408, "tipPosition": [-172.958328, 249.875671, 0.545496], "type": 4, "width": 14.688284 }], "timestamp": 1227471318, "label": 3 }]