[{
    "currentFrameRate": 43.98077,
    "devices": [],
    "hands": [{
        "armBasis": [
            [0.090956, 0.991176, 0.096425],
            [-0.188174, 0.112188, -0.975707],
            [-0.977915, 0.070602, 0.196718]
        ],
        "armWidth": 58.108341,
        "confidence": 0.406728,
        "direction": [0.944237, 0.263879, 0.196938],
        "elbow": [-257.772766, 190.593643, 38.814789],
        "grabAngle": 2.552338,
        "grabStrength": 0.438217,
        "id": 94,
        "palmNormal": [-0.141528, -0.214782, 0.966353],
        "palmPosition": [48.459721, 180.861008, 2.988204],
        "palmVelocity": [4.792915, 57.702808, -127.210648],
        "palmWidth": 82.396156,
        "pinchDistance": 33.226421,
        "pinchStrength": 0.736342,
        "timeVisible": 29.372721,
        "type": "right",
        "wrist": [-18.673582, 173.331635, -9.282507]
    }],
    "id": 33754,
    "pointables": [{
        "bases": [
            [
                [0.191205, 0.621988, -0.759323],
                [-0.065944, -0.763708, -0.642185],
                [-0.979332, 0.172862, -0.105008]
            ],
            [
                [0.512669, 0.556083, -0.654172],
                [0.141943, -0.806328, -0.574185],
                [-0.846772, 0.201512, -0.492312]
            ],
            [
                [0.495588, 0.556616, -0.666762],
                [0.473639, -0.816672, -0.329717],
                [-0.728051, -0.152401, -0.668368]
            ],
            [
                [0.477563, 0.5429, -0.690791],
                [0.823648, -0.550329, 0.136901],
                [-0.305839, -0.634348, -0.709976]
            ]
        ],
        "btipPosition": [67.471313, 155.289124, 46.702484],
        "carpPosition": [6.391287, 149.807434, -3.87366],
        "dipPosition": [62.847633, 145.699051, 35.96907],
        "direction": [0.728051, 0.152401, 0.668368],
        "extended": false,
        "handId": 94,
        "id": 940,
        "length": 43.758045,
        "mcpPosition": [6.391287, 149.807434, -3.87366],
        "pipPosition": [41.99622, 141.33429, 16.826986],
        "timeVisible": 29.372721,
        "tipPosition": [67.471313, 155.289124, 46.702484],
        "type": 0,
        "width": 18.523361
    }, {
        "bases": [
            [
                [-0.134539, 0.971295, 0.196176],
                [0.285447, 0.227573, -0.930984],
                [-0.948904, -0.069256, -0.30787]
            ],
            [
                [-0.146046, 0.971394, 0.187253],
                [0.833006, 0.222857, -0.506395],
                [-0.533639, 0.082026, -0.841725]
            ],
            [
                [-0.146738, 0.971593, 0.185672],
                [0.956173, 0.187402, -0.224975],
                [-0.25338, 0.144522, -0.95651]
            ],
            [
                [-0.146877, 0.97221, 0.182306],
                [0.973691, 0.109643, 0.19976],
                [0.17422, 0.20685, -0.962736]
            ]
        ],
        "btipPosition": [98.438232, 157.958786, 59.876328],
        "carpPosition": [12.983503, 161.397476, -20.211651],
        "dipPosition": [100.324867, 160.198776, 49.450825],
        "direction": [0.25338, -0.144522, 0.95651],
        "extended": false,
        "handId": 94,
        "id": 941,
        "length": 48.633617,
        "mcpPosition": [76.200531, 166.011398, 0.299013],
        "pipPosition": [95.27417, 163.079575, 30.384418],
        "timeVisible": 29.372721,
        "tipPosition": [98.438232, 157.958786, 59.876328],
        "type": 1,
        "width": 17.693514
    }, {
        "bases": [
            [
                [-0.30818, 0.899886, 0.308594],
                [0.237689, 0.38693, -0.890948],
                [-0.921156, -0.201223, -0.333138]
            ],
            [
                [-0.307876, 0.899914, 0.308815],
                [0.722794, 0.432297, -0.539155],
                [-0.618693, 0.057217, -0.783547]
            ],
            [
                [-0.310926, 0.90161, 0.300706],
                [0.94983, 0.306044, 0.064495],
                [-0.03388, 0.305673, -0.951534]
            ],
            [
                [-0.307353, 0.905818, 0.291595],
                [0.692006, 0.002419, 0.721888],
                [0.653194, 0.42366, -0.627575]
            ]
        ],
        "btipPosition": [88.54229, 170.506332, 64.365059],
        "carpPosition": [12.681823, 172.365967, -17.924131],
        "dipPosition": [96.379303, 175.589401, 56.835415],
        "direction": [0.03388, -0.305673, 0.951534],
        "extended": false,
        "handId": 94,
        "id": 942,
        "length": 55.532093,
        "mcpPosition": [70.87912, 185.078934, 3.12301],
        "pipPosition": [95.580711, 182.794525, 34.40646],
        "timeVisible": 29.372721,
        "tipPosition": [88.54229, 170.506332, 64.365059],
        "type": 2,
        "width": 17.377382
    }, {
        "bases": [
            [
                [-0.457412, 0.82872, 0.322486],
                [0.185578, 0.443622, -0.87679],
                [-0.869675, -0.341208, -0.356711]
            ],
            [
                [-0.439782, 0.831334, 0.339816],
                [0.799684, 0.534692, -0.27315],
                [-0.408775, 0.151619, -0.899952]
            ],
            [
                [-0.43413, 0.847899, 0.3043],
                [0.633256, 0.046985, 0.772515],
                [0.640717, 0.528071, -0.557335]
            ],
            [
                [-0.399762, 0.864894, 0.303559],
                [-0.394621, -0.461304, 0.794653],
                [0.827324, 0.197881, 0.525717]
            ]
        ],
        "btipPosition": [50.14814, 181.375412, 46.79668],
        "carpPosition": [10.478496, 182.36467, -13.642611],
        "dipPosition": [60.160858, 183.770279, 53.159195],
        "direction": [-0.640717, -0.528071, 0.557335],
        "extended": false,
        "handId": 94,
        "id": 943,
        "length": 54.039852,
        "mcpPosition": [59.809738, 201.719254, 6.591364],
        "pipPosition": [75.070732, 196.058807, 40.189686],
        "timeVisible": 29.372721,
        "tipPosition": [50.14814, 181.375412, 46.79668],
        "type": 3,
        "width": 16.535681
    }, {
        "bases": [
            [
                [-0.579326, 0.698892, 0.419442],
                [0.034607, 0.535219, -0.844004],
                [-0.814361, -0.474438, -0.334253]
            ],
            [
                [-0.560199, 0.704019, 0.436502],
                [0.650127, 0.700221, -0.295001],
                [-0.513334, 0.118522, -0.849965]
            ],
            [
                [-0.561819, 0.721754, 0.404266],
                [0.699983, 0.154308, 0.69729],
                [0.44089, 0.67473, -0.591908]
            ],
            [
                [-0.533734, 0.744323, 0.401386],
                [-0.208646, -0.575881, 0.790461],
                [0.819509, 0.338148, 0.462667]
            ]
        ],
        "btipPosition": [45.895012, 197.067047, 41.272942],
        "carpPosition": [4.289226, 190.553604, -6.101427],
        "dipPosition": [55.054848, 200.846603, 46.444279],
        "direction": [-0.44089, -0.67473, 0.591908],
        "extended": false,
        "handId": 94,
        "id": 944,
        "length": 42.482819,
        "mcpPosition": [47.050163, 215.465698, 11.449728],
        "pipPosition": [62.30582, 211.943359, 36.709625],
        "timeVisible": 29.372721,
        "tipPosition": [45.895012, 197.067047, 41.272942],
        "type": 4,
        "width": 14.688284
    }],
    "timestamp": 1225878631,
    "label": 3
}]