[[{"currentFrameRate": 43.981464, "devices": [], "hands": [{"armBasis": [[-0.249837, 0.948807, 0.193254], [-0.691624, -0.035181, -0.7214], [-0.677671, -0.313892, 0.665007]], "armWidth": 57.862366, "confidence": 0.586145, "direction": [0.907194, 0.384913, 0.169829], "elbow": [-190.622375, 198.452148, -18.658344], "grabAngle": 0.575906, "grabStrength": 0.0, "id": 22, "palmNormal": [-0.001567, -0.400575, 0.916263], "palmPosition": [42.274334, 295.442047, -179.131165], "palmVelocity": [268.111053, -42.521084, 204.840576], "palmWidth": 83.376846, "pinchDistance": 29.098925, "pinchStrength": 0.276544, "timeVisible": 37.859257, "type": "right", "wrist": [-22.960482, 276.111755, -183.187088]}], "id": 11461, "pointables": [{"bases": [[[-0.262418, 0.884317, 0.38616], [0.144691, 0.431721, -0.890327], [-0.954045, -0.177764, -0.241244]], [[-0.504299, 0.824119, 0.257894], [0.472268, 0.513246, -0.716618], [-0.722942, -0.239595, -0.648035]], [[-0.491087, 0.827989, 0.27068], [0.542387, 0.533783, -0.648762], [-0.681652, -0.171786, -0.711225]], [[-0.476568, 0.83073, 0.287699], [0.639749, 0.552163, -0.534637], [-0.602996, -0.070736, -0.794602]]], "btipPosition": [121.439156, 299.800293, -136.980713], "carpPosition": [7.725812, 274.118256, -202.647507], "dipPosition": [114.389313, 298.973297, -146.270691], "direction": [0.681652, 0.171786, 0.711225], "extended": true, "handId": 22, "id": 221, "length": 52.341042, "mcpPosition": [72.041786, 286.102051, -186.384247], "pipPosition": [99.737183, 295.280762, -161.558487], "timeVisible": 37.859257, "tipPosition": [121.439156, 299.800293, -136.980713], "type": 1, "width": 17.494537}, {"bases": [[[-0.409696, 0.765529, 0.4961], [0.077262, 0.571002, -0.817305], [-0.908944, -0.296517, -0.293084]], [[-0.508861, 0.738127, 0.442977], [0.37475, 0.653205, -0.657941], [-0.774999, -0.168794, -0.609003]], [[-0.498561, 0.739817, 0.451783], [0.466459, 0.668249, -0.579533], [-0.730652, -0.078194, -0.678257]], [[-0.498561, 0.739817, 0.451783], [0.466459, 0.668249, -0.579533], [-0.730652, -0.078194, -0.678258]]], "btipPosition": [125.199188, 314.069031, -128.284866], "carpPosition": [6.000582, 284.891571, -198.993408], "dipPosition": [115.819221, 313.065186, -136.992203], "direction": [0.730652, 0.078194, 0.678257], "extended": true, "handId": 22, "id": 222, "length": 59.555157, "mcpPosition": [64.109833, 303.848053, -180.256409], "pipPosition": [97.357834, 311.089447, -154.12973], "timeVisible": 37.859257, "tipPosition": [125.199188, 314.069031, -128.284866], "type": 2, "width": 17.181961}, {"bases": [[[-0.54364, 0.668312, 0.507754], [0.018779, 0.614493, -0.788698], [-0.839108, -0.419233, -0.346614]], [[-0.496553, 0.683919, 0.5345], [0.33367, 0.718861, -0.609838], [-0.801311, -0.12447, -0.585156]], [[-0.493186, 0.684343, 0.537068], [0.385224, 0.725347, -0.570503], [-0.779981, -0.074472, -0.621357]], [[-0.49306, 0.684355, 0.537169], [0.387133, 0.725527, -0.56898], [-0.779115, -0.072585, -0.622665]]], "btipPosition": [111.704582, 325.201324, -126.223076], "carpPosition": [2.525701, 293.427765, -192.634796], "dipPosition": [101.751053, 324.274017, -134.177887], "direction": [0.779981, 0.074472, 0.621357], "extended": true, "handId": 22, "id": 223, "length": 57.267933, "mcpPosition": [50.689587, 317.491272, -172.739548], "pipPosition": [82.557632, 322.441437, -149.467957], "timeVisible": 37.859257, "tipPosition": [111.704582, 325.201324, -126.223076], "type": 3, "width": 16.349726}, {"bases": [[[-0.632684, 0.504519, 0.587513], [-0.140213, 0.671491, -0.727626], [-0.761611, -0.542734, -0.354102]], [[-0.474573, 0.565279, 0.674715], [0.250277, 0.821552, -0.512263], [-0.843885, -0.074241, -0.531363]], [[-0.474574, 0.565279, 0.674715], [0.250276, 0.821552, -0.512263], [-0.843885, -0.074242, -0.531363]], [[-0.490525, 0.565689, 0.662859], [0.445483, 0.816535, -0.367174], [-0.748953, 0.115184, -0.652535]]], "btipPosition": [86.49173, 329.724152, -130.099503], "carpPosition": [-4.110245, 298.616974, -182.621628], "dipPosition": [77.636703, 331.085999, -137.81456], "direction": [0.843885, 0.074242, 0.531363], "extended": true, "handId": 22, "id": 224, "length": 44.974857, "mcpPosition": [36.356869, 327.454376, -163.806931], "pipPosition": [62.96418, 329.795166, -147.053299], "timeVisible": 37.859257, "tipPosition": [86.49173, 329.724152, -130.099503], "type": 4, "width": 14.523104}, {"bases": [[[0.009132, 0.767985, -0.640403], [-0.014759, -0.640256, -0.768019], [-0.999849, 0.016465, 0.005488]], [[0.040319, 0.769995, -0.636774], [0.270968, -0.621837, -0.734776], [-0.961743, -0.142921, -0.233716]], [[0.038769, 0.769559, -0.637398], [0.593176, -0.531052, -0.605083], [-0.804139, -0.354631, -0.477072]], [[0.03714, 0.768239, -0.639084], [0.932856, -0.255973, -0.253491], [-0.358331, -0.586759, -0.726163]]], "btipPosition": [77.210609, 285.241882, -152.171906], "carpPosition": [4.081081, 258.656281, -188.771759], "dipPosition": [71.455208, 275.817535, -163.835327], "direction": [0.804139, 0.354631, 0.477072], "extended": false, "handId": 22, "id": 220, "length": 46.466324, "mcpPosition": [4.081081, 258.656281, -188.771759], "pipPosition": [47.005676, 265.035126, -178.34053], "timeVisible": 37.859257, "tipPosition": [77.210609, 285.241882, -152.171906], "type": 0, "width": 18.315052}], "timestamp": 148139502708, "label": 3}, {"currentFrameRate": 43.966446, "devices": [], "hands": [{"armBasis": [[-0.386872, 0.890205, 0.240552], [-0.578876, -0.031393, -0.814811], [-0.717797, -0.454478, 0.527463]], "armWidth": 57.862366, "confidence": 0.598933, "direction": [0.856427, 0.35746, 0.372498], "elbow": [-176.067154, 180.816147, 5.431918], "grabAngle": 0.670065, "grabStrength": 0.0, "id": 22, "palmNormal": [-0.196779, -0.441034, 0.875652], "palmPosition": [63.978683, 312.488037, -107.041], "palmVelocity": [-56.945518, 76.735298, 71.915695], "palmWidth": 83.376846, "pinchDistance": 30.534849, "pinchStrength": 0.313538, "timeVisible": 38.17778, "type": "right", "wrist": [1.522344, 293.258057, -125.067192]}], "id": 11475, "pointables": [{"bases": [[[-0.326724, 0.871564, 0.365552], [0.331729, 0.467923, -0.819148], [-0.88499, -0.146371, -0.442005]], [[-0.506341, 0.837293, 0.2063], [0.666723, 0.53184, -0.522137], [-0.5469, -0.126835, -0.827534]], [[-0.497441, 0.838677, 0.221751], [0.744484, 0.543935, -0.387142], [-0.445305, -0.02749, -0.894957]], [[-0.491709, 0.838271, 0.235637], [0.811963, 0.539152, -0.223675], [-0.314544, 0.081346, -0.945751]]], "btipPosition": [128.635773, 307.349548, -46.635841], "carpPosition": [34.856232, 292.991486, -138.273499], "dipPosition": [124.970337, 308.297485, -57.656845], "direction": [0.445305, 0.02749, 0.894957], "extended": true, "handId": 22, "id": 221, "length": 52.20047, "mcpPosition": [94.516968, 302.858917, -108.476181], "pipPosition": [115.427429, 307.708374, -76.8358], "timeVisible": 38.17778, "tipPosition": [128.635773, 307.349548, -46.635841], "type": 1, "width": 17.494537}, {"bases": [[[-0.495018, 0.75115, 0.436728], [0.252207, 0.605208, -0.75506], [-0.831474, -0.263622, -0.489034]], [[-0.579778, 0.729942, 0.361998], [0.537072, 0.676486, -0.503905], [-0.612708, -0.097734, -0.784243]], [[-0.575156, 0.730219, 0.368749], [0.638048, 0.682542, -0.356416], [-0.511948, 0.030285, -0.858482]], [[-0.575156, 0.730219, 0.368749], [0.638047, 0.682542, -0.356417], [-0.511949, 0.030284, -0.858482]]], "btipPosition": [131.295959, 323.476379, -37.000641], "carpPosition": [32.474903, 303.591034, -134.432236], "dipPosition": [124.746651, 323.8638, -47.98312], "direction": [0.511948, -0.030285, 0.858482], "extended": true, "handId": 22, "id": 222, "length": 59.37965, "mcpPosition": [85.631462, 320.444519, -103.168068], "pipPosition": [111.850166, 324.626709, -69.609146], "timeVisible": 38.17778, "tipPosition": [131.295959, 323.476379, -37.000641], "type": 2, "width": 17.181961}, {"bases": [[[-0.629575, 0.656394, 0.415671], [0.189561, 0.648616, -0.737132], [-0.75346, -0.385285, -0.532779]], [[-0.609038, 0.66321, 0.434999], [0.479074, 0.744707, -0.464651], [-0.632108, -0.074593, -0.771282]], [[-0.607539, 0.663292, 0.436967], [0.545178, 0.748311, -0.377905], [-0.577648, 0.008633, -0.81624]], [[-0.607744, 0.663293, 0.43668], [0.536365, 0.748354, -0.390229], [-0.585627, -0.00294, -0.810575]]], "btipPosition": [117.821526, 336.817352, -37.006863], "carpPosition": [27.858109, 311.916962, -128.545639], "dipPosition": [110.361641, 336.779907, -47.332191], "direction": [0.577648, -0.008633, 0.81624], "extended": true, "handId": 22, "id": 223, "length": 57.11536, "mcpPosition": [71.105881, 334.031891, -97.964706], "pipPosition": [96.187759, 336.99173, -67.360443], "timeVisible": 38.17778, "tipPosition": [117.821526, 336.817352, -37.006863], "type": 3, "width": 16.349726}, {"bases": [[[-0.735157, 0.491136, 0.467257], [0.022016, 0.706209, -0.707661], [-0.677539, -0.509955, -0.529987]], [[-0.658538, 0.523715, 0.540417], [0.359802, 0.849836, -0.385125], [-0.660961, -0.059176, -0.748083]], [[-0.661856, 0.523662, 0.5364], [0.435172, 0.851036, -0.293874], [-0.610386, 0.038924, -0.791147]], [[-0.664542, 0.52423, 0.53251], [0.543589, 0.828117, -0.136873], [-0.512733, 0.198509, -0.835284]]], "btipPosition": [92.80249, 342.783234, -44.675976], "carpPosition": [19.370201, 316.841156, -119.948433], "dipPosition": [86.75499, 345.124573, -54.527843], "direction": [0.610386, -0.038924, 0.791147], "extended": true, "handId": 22, "id": 224, "length": 44.867855, "mcpPosition": [55.370277, 343.93689, -91.78833], "pipPosition": [76.17305, 345.799377, -68.243538], "timeVisible": 38.17778, "tipPosition": [92.80249, 342.783234, -44.675976], "type": 4, "width": 14.523104}, {"bases": [[[0.151059, 0.795491, -0.586835], [0.137894, -0.6048, -0.784348], [-0.97886, 0.037562, -0.201054]], [[0.302608, 0.790597, -0.532338], [0.358402, -0.61192, -0.705054], [-0.883163, 0.022564, -0.468523]], [[0.29336, 0.789343, -0.539331], [0.682507, -0.56796, -0.460006], [-0.66942, -0.23315, -0.705349]], [[0.285893, 0.782524, -0.553102], [0.944026, -0.329115, 0.022329], [-0.164561, -0.528526, -0.832814]]], "btipPosition": [90.581123, 291.537415, -70.434174], "carpPosition": [28.158772, 276.963745, -126.176376], "dipPosition": [87.937492, 283.046783, -83.813118], "direction": [0.66942, 0.23315, 0.705349], "extended": false, "handId": 22, "id": 220, "length": 46.475235, "mcpPosition": [28.158772, 276.963745, -126.176376], "pipPosition": [67.580086, 275.956573, -105.263138], "timeVisible": 38.17778, "tipPosition": [90.581123, 291.537415, -70.434174], "type": 0, "width": 18.315052}], "timestamp": 148139821231, "label": 3}, {"currentFrameRate": 43.980286, "devices": [], "hands": [{"armBasis": [[-0.395139, 0.887653, 0.236512], [-0.572549, -0.036637, -0.819051], [-0.718368, -0.459054, 0.522701]], "armWidth": 57.862366, "confidence": 0.608559, "direction": [0.849602, 0.400141, 0.343604], "elbow": [-182.84201, 183.22551, 8.820613], "grabAngle": 0.668603, "grabStrength": 0.0, "id": 22, "palmNormal": [-0.148227, -0.444069, 0.883647], "palmPosition": [57.148525, 318.70575, -104.194107], "palmVelocity": [-88.651283, 49.176113, -43.074169], "palmWidth": 83.376846, "pinchDistance": 29.99016, "pinchStrength": 0.340385, "timeVisible": 38.47353, "type": "right", "wrist": [-5.111267, 296.799622, -120.500435]}], "id": 11488, "pointables": [{"bases": [[[-0.356331, 0.857483, 0.371148], [0.283436, 0.477703, -0.831543], [-0.890333, -0.191108, -0.413262]], [[-0.556113, 0.807271, 0.197617], [0.6342, 0.565863, -0.526868], [-0.537149, -0.167669, -0.826654]], [[-0.548971, 0.809029, 0.210006], [0.703252, 0.582863, -0.407072], [-0.451738, -0.075784, -0.888926]], [[-0.544896, 0.809296, 0.219381], [0.765177, 0.586923, -0.264621], [-0.342917, 0.023675, -0.939067]]], "btipPosition": [122.267799, 318.255951, -45.010082], "carpPosition": [28.05567, 297.61792, -134.424194], "dipPosition": [118.276237, 318.531525, -55.940842], "direction": [0.451738, 0.075784, 0.888926], "extended": true, "handId": 22, "id": 221, "length": 52.158268, "mcpPosition": [88.076576, 310.501282, -106.56456], "pipPosition": [108.604507, 316.908997, -74.972778], "timeVisible": 38.47353, "tipPosition": [122.267799, 318.255951, -45.010082], "type": 1, "width": 17.494537}, {"bases": [[[-0.516405, 0.729695, 0.448186], [0.199497, 0.611482, -0.765696], [-0.832782, -0.305998, -0.461345]], [[-0.612932, 0.700515, 0.365504], [0.497045, 0.70143, -0.510824], [-0.614216, -0.131428, -0.778117]], [[-0.610363, 0.700831, 0.369178], [0.593441, 0.713276, -0.372913], [-0.524675, -0.008527, -0.85126]], [[-0.610363, 0.700831, 0.369179], [0.593441, 0.713276, -0.372913], [-0.524676, -0.008526, -0.85126]]], "btipPosition": [124.626175, 333.626068, -35.518829], "carpPosition": [25.255487, 308.125, -130.52536], "dipPosition": [117.929512, 333.517242, -46.383827], "direction": [0.524675, 0.008527, 0.85126], "extended": true, "handId": 22, "id": 222, "length": 59.268124, "mcpPosition": [78.495682, 327.687592, -101.031372], "pipPosition": [104.738007, 333.302856, -67.786385], "timeVisible": 38.47353, "tipPosition": [124.626175, 333.626068, -35.518829], "type": 2, "width": 17.181961}, {"bases": [[[-0.646887, 0.628526, 0.431848], [0.135444, 0.651987, -0.746035], [-0.750461, -0.424109, -0.506892]], [[-0.624118, 0.636947, 0.452522], [0.442208, 0.765439, -0.4675], [-0.64415, -0.091666, -0.759386]], [[-0.624969, 0.636864, 0.451462], [0.493274, 0.770402, -0.403933], [-0.605058, -0.029751, -0.795626]], [[-0.625013, 0.636862, 0.451405], [0.496122, 0.770534, -0.400175], [-0.602679, -0.026163, -0.797555]]], "btipPosition": [111.476967, 345.296509, -35.765499], "carpPosition": [20.425835, 316.26236, -124.539612], "dipPosition": [103.819954, 344.964111, -45.898399], "direction": [0.605058, 0.029751, 0.795626], "extended": true, "handId": 22, "id": 223, "length": 56.980888, "mcpPosition": [63.50148, 340.605774, -95.444588], "pipPosition": [89.011292, 344.235962, -65.371178], "timeVisible": 38.47353, "tipPosition": [111.476967, 345.296509, -35.765499], "type": 3, "width": 16.349726}, {"bases": [[[-0.742824, 0.45879, 0.487569], [-0.033657, 0.701761, -0.711617], [-0.66864, -0.545017, -0.505844]], [[-0.659541, 0.495607, 0.565136], [0.340778, 0.867288, -0.362881], [-0.669982, -0.046749, -0.740904]], [[-0.663269, 0.495468, 0.560879], [0.376597, 0.868623, -0.321977], [-0.646722, -0.002332, -0.762722]], [[-0.669252, 0.496353, 0.552933], [0.505467, 0.849561, -0.150828], [-0.544614, 0.178548, -0.819461]]], "btipPosition": [86.144638, 349.279724, -42.75589], "carpPosition": [11.97503, 320.91272, -115.74379], "dipPosition": [79.735947, 351.380768, -52.398808], "direction": [0.646722, 0.002332, 0.762722], "extended": true, "handId": 22, "id": 224, "length": 44.766762, "mcpPosition": [47.502239, 349.871399, -88.866516], "pipPosition": [68.555893, 351.340454, -65.584183], "timeVisible": 38.47353, "tipPosition": [86.144638, 349.279724, -42.75589], "type": 4, "width": 14.523104}, {"bases": [[[0.094683, 0.797861, -0.595359], [0.14208, -0.602754, -0.785176], [-0.985316, -0.010245, -0.170431]], [[0.239959, 0.802171, -0.546755], [0.390976, -0.595371, -0.701905], [-0.88857, -0.04534, -0.456495]], [[0.230111, 0.800141, -0.553916], [0.699116, -0.531869, -0.477863], [-0.676968, -0.27729, -0.68178]], [[0.221882, 0.792385, -0.568238], [0.956938, -0.288829, -0.029101], [-0.187183, -0.537312, -0.822349]]], "btipPosition": [85.720535, 300.444855, -67.737488], "carpPosition": [22.480268, 281.365021, -122.039261], "dipPosition": [82.715088, 291.817657, -80.941299], "direction": [0.676968, 0.27729, 0.68178], "extended": false, "handId": 22, "id": 220, "length": 46.454605, "mcpPosition": [22.480268, 281.365021, -122.039261], "pipPosition": [62.136337, 283.388489, -101.666321], "timeVisible": 38.47353, "tipPosition": [85.720535, 300.444855, -67.737488], "type": 0, "width": 18.315052}], "timestamp": 148140116978, "label": 3}, {"currentFrameRate": 43.976936, "devices": [], "hands": [{"armBasis": [[-0.613773, 0.780323, 0.119911], [-0.528295, -0.293082, -0.796874], [-0.586675, -0.552448, 0.592126]], "armWidth": 57.862366, "confidence": 0.579334, "direction": [0.740247, 0.632439, 0.228157], "elbow": [-221.917435, 177.24826, 0.605364], "grabAngle": 0.737983, "grabStrength": 0.063972, "id": 22, "palmNormal": [-0.050597, -0.285986, 0.956897], "palmPosition": [-21.193607, 351.978241, -136.037048], "palmVelocity": [-394.560486, 113.351097, -89.191643], "palmWidth": 83.376846, "pinchDistance": 32.753197, "pinchStrength": 0.401044, "timeVisible": 38.769295, "type": "right", "wrist": [-76.768738, 313.928925, -145.892044]}], "id": 11501, "pointables": [{"bases": [[[-0.536622, 0.815852, 0.215458], [0.174985, 0.357376, -0.917422], [-0.82548, -0.454607, -0.334538]], [[-0.69798, 0.712254, 0.074278], [0.540739, 0.592204, -0.597407], [-0.469494, -0.376813, -0.798491]], [[-0.690101, 0.718137, 0.089672], [0.60932, 0.6434, -0.463428], [-0.3905, -0.265173, -0.881586]], [[-0.685509, 0.720922, 0.10173], [0.661912, 0.675304, -0.325327], [-0.303234, -0.155678, -0.940114]]], "btipPosition": [40.638702, 372.2771, -77.601494], "carpPosition": [-44.874928, 319.717194, -160.554153], "dipPosition": [37.104462, 370.462646, -88.55867], "direction": [0.3905, 0.265173, 0.881586], "extended": true, "handId": 22, "id": 221, "length": 52.218586, "mcpPosition": [10.773973, 350.364075, -138.001602], "pipPosition": [28.733231, 364.778076, -107.457428], "timeVisible": 38.769295, "tipPosition": [40.638702, 372.2771, -77.601494], "type": 1, "width": 17.494537}, {"bases": [[[-0.665129, 0.673974, 0.321499], [0.063578, 0.480093, -0.87491], [-0.744017, -0.561488, -0.362174]], [[-0.747335, 0.614779, 0.252065], [0.359014, 0.692832, -0.625374], [-0.559106, -0.376869, -0.738492]], [[-0.744448, 0.616498, 0.256373], [0.449276, 0.746575, -0.49069], [-0.493911, -0.250111, -0.832764]], [[-0.743938, 0.616747, 0.257254], [0.465129, 0.754311, -0.463324], [-0.479804, -0.225028, -0.848028]]], "btipPosition": [40.140289, 391.071411, -72.081306], "carpPosition": [-49.897606, 329.888123, -158.613831], "dipPosition": [34.008133, 388.195435, -82.919571], "direction": [0.493911, 0.250111, 0.832764], "extended": true, "handId": 22, "id": 222, "length": 59.331711, "mcpPosition": [-2.332251, 365.784363, -135.459869], "pipPosition": [21.576376, 381.900146, -103.880264], "timeVisible": 38.769295, "tipPosition": [40.140289, 391.071411, -72.081306], "type": 2, "width": 17.181961}, {"bases": [[[-0.770256, 0.545878, 0.329732], [-0.007855, 0.508875, -0.860804], [-0.637687, -0.66563, -0.387676]], [[-0.752585, 0.560489, 0.345641], [0.282508, 0.748956, -0.599378], [-0.594815, -0.353437, -0.721996]], [[-0.753457, 0.56001, 0.344516], [0.336578, 0.778633, -0.529571], [-0.564817, -0.283052, -0.775154]], [[-0.753839, 0.559828, 0.343975], [0.361287, 0.79043, -0.494664], [-0.548815, -0.248624, -0.798115]]], "btipPosition": [24.588797, 400.110077, -74.088242], "carpPosition": [-56.409775, 337.797089, -154.102142], "dipPosition": [17.607969, 396.947632, -84.24012], "direction": [0.564817, 0.283052, 0.775154], "extended": true, "handId": 22, "id": 223, "length": 57.039898, "mcpPosition": [-19.807243, 376.003479, -131.84996], "pipPosition": [3.768727, 390.012238, -103.233078], "timeVisible": 38.769295, "tipPosition": [24.588797, 400.110077, -74.088242], "type": 3, "width": 16.349726}, {"bases": [[[-0.826927, 0.373535, 0.420313], [-0.18387, 0.526765, -0.829886], [-0.531398, -0.763538, -0.366914]], [[-0.773127, 0.424328, 0.471402], [0.155981, 0.84762, -0.507159], [-0.614772, -0.318569, -0.721505]], [[-0.776064, 0.42291, 0.467836], [0.193397, 0.865678, -0.461734], [-0.600268, -0.267857, -0.753612]], [[-0.781094, 0.421363, 0.46081], [0.31504, 0.90311, -0.291792], [-0.539112, -0.082744, -0.83816]]], "btipPosition": [-1.368288, 398.319397, -80.93042], "carpPosition": [-65.68071, 342.118835, -146.037384], "dipPosition": [-7.718883, 397.344696, -90.803719], "direction": [0.600268, 0.267857, 0.753612], "extended": true, "handId": 22, "id": 224, "length": 44.816364, "mcpPosition": [-37.445641, 382.688324, -126.541908], "pipPosition": [-18.10997, 392.707886, -103.849297], "timeVisible": 38.769295, "tipPosition": [-1.368288, 398.319397, -80.93042], "type": 4, "width": 14.523104}, {"bases": [[[-0.080077, 0.668882, -0.739043], [0.273293, -0.69828, -0.661601], [-0.958592, -0.254954, -0.126884]], [[0.106873, 0.726165, -0.679163], [0.528327, -0.620136, -0.579915], [-0.842288, -0.296843, -0.449928]], [[0.09679, 0.720453, -0.686716], [0.801797, -0.46523, -0.375076], [-0.589706, -0.514303, -0.622687]], [[0.089726, 0.707466, -0.701029], [0.993538, -0.112707, 0.013423], [-0.069514, -0.697703, -0.713007]]], "btipPosition": [9.839893, 345.409698, -94.68222], "carpPosition": [-46.79348, 305.324921, -145.139587], "dipPosition": [8.723739, 334.207062, -106.130585], "direction": [0.589706, 0.514303, 0.622687], "extended": false, "handId": 22, "id": 220, "length": 46.455235, "mcpPosition": [-46.79348, 305.324921, -145.139587], "pipPosition": [-9.202598, 318.572876, -125.059509], "timeVisible": 38.769295, "tipPosition": [9.839893, 345.409698, -94.68222], "type": 0, "width": 18.315052}], "timestamp": 148140412743, "label": 3}, {"currentFrameRate": 43.972538, "devices": [], "hands": [{"armBasis": [[-0.815483, 0.577052, 0.044705], [-0.356388, -0.439778, -0.824368], [-0.456043, -0.68819, 0.564286]], "armWidth": 57.862366, "confidence": 0.584358, "direction": [0.411523, 0.867821, 0.278452], "elbow": [-308.271729, 141.113342, 27.255106], "grabAngle": 1.12317, "grabStrength": 0.430966, "id": 22, "palmNormal": [0.068226, -0.333997, 0.940102], "palmPosition": [-158.944305, 367.496368, -99.363754], "palmVelocity": [-381.775269, -5.890981, 318.133148], "palmWidth": 83.376846, "pinchDistance": 27.361246, "pinchStrength": 0.657202, "timeVisible": 39.065102, "type": "right", "wrist": [-195.442444, 311.377808, -112.354332]}], "id": 11514, "pointables": [{"bases": [[[-0.88562, 0.320454, 0.336135], [-0.137012, 0.511284, -0.84842], [-0.443739, -0.797432, -0.408898]], [[-0.928145, 0.259555, 0.266793], [0.1391, 0.906697, -0.398185], [-0.345251, -0.332462, -0.87765]], [[-0.925677, 0.261304, 0.273574], [0.208153, 0.955626, -0.208451], [-0.315904, -0.136013, -0.938992]], [[-0.923553, 0.261575, 0.280408], [0.268058, 0.963275, -0.015704], [-0.274218, 0.060662, -0.959752]]], "btipPosition": [-121.450409, 404.447906, -24.585211], "carpPosition": [-175.848175, 336.715546, -123.616135], "dipPosition": [-124.923485, 405.216217, -36.740841], "direction": [0.315904, 0.136013, 0.938992], "extended": true, "handId": 22, "id": 222, "length": 58.879776, "mcpPosition": [-147.479691, 387.69577, -97.47509], "pipPosition": [-132.812637, 401.819519, -60.190533], "timeVisible": 39.065102, "tipPosition": [-121.450409, 404.447906, -24.585211], "type": 2, "width": 17.181961}, {"bases": [[[-0.928402, 0.160151, 0.335293], [-0.214011, 0.507192, -0.834839], [-0.303758, -0.846822, -0.436604]], [[-0.934344, 0.149103, 0.323682], [0.004056, 0.912657, -0.408706], [-0.35635, -0.380559, -0.85334]], [[-0.935101, 0.148408, 0.321809], [0.04642, 0.951558, -0.303944], [-0.351328, -0.26928, -0.896692]], [[-0.935637, 0.14806, 0.320409], [0.078045, 0.972079, -0.221295], [-0.344228, -0.182045, -0.921068]]], "btipPosition": [-140.742065, 413.385651, -26.91361], "carpPosition": [-185.072952, 340.967041, -118.944214], "dipPosition": [-145.080475, 411.091278, -38.522125], "direction": [0.351328, 0.26928, 0.896692], "extended": true, "handId": 22, "id": 223, "length": 56.566196, "mcpPosition": [-167.637558, 389.5737, -93.883636], "pipPosition": [-153.611832, 404.552307, -60.296646], "timeVisible": 39.065102, "tipPosition": [-140.742065, 413.385651, -26.91361], "type": 3, "width": 16.349726}, {"bases": [[[-0.909111, -0.024954, 0.415807], [-0.381796, 0.449106, -0.807797], [-0.166583, -0.89313, -0.417815]], [[-0.907637, -0.02169, 0.419196], [-0.159402, 0.941664, -0.296412], [-0.388313, -0.335856, -0.858146]], [[-0.908325, -0.022242, 0.417673], [-0.140835, 0.956539, -0.25534], [-0.393841, -0.290755, -0.871981]], [[-0.911919, -0.02285, 0.409735], [0.042904, 0.987668, 0.150569], [-0.408122, 0.154886, -0.899693]]], "btipPosition": [-162.795624, 402.016052, -36.483093], "carpPosition": [-195.400803, 340.835083, -111.179573], "dipPosition": [-167.585129, 403.83371, -47.041405], "direction": [0.393841, 0.290755, 0.871981], "extended": true, "handId": 22, "id": 224, "length": 44.643574, "mcpPosition": [-186.549637, 388.290253, -88.979591], "pipPosition": [-174.368332, 398.825989, -62.059696], "timeVisible": 39.065102, "tipPosition": [-162.795624, 402.016052, -36.483093], "type": 4, "width": 14.523104}, {"bases": [[[-0.346437, 0.616108, -0.707384], [0.540316, -0.485377, -0.687363], [-0.766838, -0.620339, -0.164741]], [[-0.179989, 0.766703, -0.616255], [0.800103, -0.250333, -0.545132], [-0.572223, -0.591185, -0.568384]], [[-0.189883, 0.749885, -0.633732], [0.967972, 0.035008, -0.248605], [-0.16424, -0.660641, -0.732516]], [[-0.184365, 0.726675, -0.66178], [0.874369, 0.428773, 0.227229], [0.448875, -0.536746, -0.714433]]], "btipPosition": [-139.700562, 369.991821, -52.521126], "carpPosition": [-163.010117, 314.978363, -111.54631], "dipPosition": [-132.507858, 361.391083, -63.96909], "direction": [0.16424, 0.660641, 0.732516], "extended": false, "handId": 22, "id": 220, "length": 46.372082, "mcpPosition": [-163.010117, 314.978363, -111.54631], "pipPosition": [-137.492249, 341.341797, -86.199646], "timeVisible": 39.065102, "tipPosition": [-139.700562, 369.991821, -52.521126], "type": 0, "width": 18.315052}, {"bases": [[[-0.826844, 0.508363, 0.240616], [0.015344, 0.448044, -0.89388], [-0.562222, -0.735407, -0.378263]], [[-0.893685, 0.429375, 0.130246], [0.378875, 0.877639, -0.293605], [-0.240376, -0.213044, -0.947012]], [[-0.889403, 0.431383, 0.151233], [0.430271, 0.901735, -0.041718], [-0.154368, 0.027967, -0.987617]], [[-0.887793, 0.429742, 0.164756], [0.453381, 0.878184, 0.152442], [-0.079175, 0.210034, -0.974483]]], "btipPosition": [-115.745598, 384.54953, -32.130478], "carpPosition": [-167.044098, 329.865479, -126.19223], "dipPosition": [-116.663338, 386.9841, -43.426006], "direction": [0.154368, -0.027967, 0.987617], "extended": false, "handId": 22, "id": 221, "length": 52.044258, "mcpPosition": [-129.142471, 379.44223, -100.691986], "pipPosition": [-119.95929, 387.581238, -64.512848], "timeVisible": 39.065102, "tipPosition": [-115.745598, 384.54953, -32.130478], "type": 1, "width": 17.494537}], "timestamp": 148140708552, "label": 3}], [{"currentFrameRate": 43.959049, "devices": [], "hands": [{"armBasis": [[-0.473589, 0.835083, 0.279911], [-0.524422, -0.012036, -0.851373], [-0.707598, -0.549992, 0.443636]], "armWidth": 57.862366, "confidence": 0.595936, "direction": [0.814803, 0.448499, 0.367349], "elbow": [-182.415695, 176.860107, 28.136179], "grabAngle": 0.661682, "grabStrength": 0.0, "id": 22, "palmNormal": [-0.124478, -0.483522, 0.866436], "palmPosition": [52.966736, 338.80658, -63.207058], "palmVelocity": [-83.211594, 42.887169, -94.667648], "palmWidth": 83.376846, "pinchDistance": 30.979275, "pinchStrength": 0.282008, "timeVisible": 40.361958, "type": "right", "wrist": [-7.349488, 312.933228, -81.623398]}], "id": 11571, "pointables": [{"bases": [[[-0.421372, 0.816334, 0.395025], [0.256356, 0.525036, -0.811553], [-0.869901, -0.240699, -0.430507]], [[-0.604928, 0.761447, 0.232939], [0.580862, 0.62207, -0.525003], [-0.544666, -0.182284, -0.818603]], [[-0.600175, 0.762684, 0.241044], [0.6576, 0.642046, -0.39413], [-0.455359, -0.078036, -0.886882]], [[-0.598783, 0.762818, 0.244065], [0.705056, 0.646609, -0.291192], [-0.379941, -0.002282, -0.925008]]], "btipPosition": [119.394951, 341.600586, -4.45249], "carpPosition": [25.77878, 316.714172, -94.48938], "dipPosition": [114.973946, 341.574036, -15.215904], "direction": [0.455359, 0.078036, 0.886882], "extended": true, "handId": 22, "id": 221, "length": 52.137405, "mcpPosition": [84.422287, 332.940674, -65.467155], "pipPosition": [105.228714, 339.903961, -34.196255], "timeVisible": 40.361958, "tipPosition": [119.394951, 341.600586, -4.45249], "type": 1, "width": 17.494537}, {"bases": [[[-0.572512, 0.674762, 0.465753], [0.162266, 0.650077, -0.742341], [-0.803679, -0.349423, -0.481668]], [[-0.664429, 0.641806, 0.382909], [0.444324, 0.751206, -0.488124], [-0.600925, -0.154188, -0.784293]], [[-0.664019, 0.641872, 0.383508], [0.537795, 0.766332, -0.351442], [-0.519475, -0.027116, -0.854055]], [[-0.663992, 0.641874, 0.383553], [0.5438, 0.766595, -0.341486], [-0.513221, -0.018168, -0.858064]]], "btipPosition": [118.823296, 356.681183, 6.409064], "carpPosition": [22.189528, 326.845978, -90.271278], "dipPosition": [112.278343, 356.449493, -4.533565], "direction": [0.519475, 0.027116, 0.854055], "extended": true, "handId": 22, "id": 222, "length": 59.225101, "mcpPosition": [73.569122, 349.184753, -59.478027], "pipPosition": [99.227318, 355.76825, -25.990404], "timeVisible": 40.361958, "tipPosition": [118.823296, 356.681183, 6.409064], "type": 2, "width": 17.181961}, {"bases": [[[-0.695132, 0.565049, 0.444422], [0.095246, 0.685154, -0.722144], [-0.712544, -0.459656, -0.530091]], [[-0.676518, 0.573053, 0.46253], [0.38861, 0.811304, -0.43677], [-0.625544, -0.115739, -0.771556]], [[-0.67878, 0.572769, 0.459558], [0.449164, 0.818923, -0.357235], [-0.580956, -0.036067, -0.813136]], [[-0.679211, 0.572748, 0.458947], [0.460907, 0.819493, -0.340583], [-0.571172, -0.019796, -0.820591]]], "btipPosition": [103.817711, 366.49646, 7.16864], "carpPosition": [16.720875, 334.400848, -84.072769], "dipPosition": [96.570045, 366.24527, -3.243932], "direction": [0.580956, 0.036067, 0.813136], "extended": true, "handId": 22, "id": 223, "length": 56.915455, "mcpPosition": [57.620136, 360.784607, -53.646118], "pipPosition": [82.368782, 365.363617, -23.120764], "timeVisible": 40.361958, "tipPosition": [103.817711, 366.49646, 7.16864], "type": 3, "width": 16.349726}, {"bases": [[[-0.779047, 0.387024, 0.493252], [-0.07736, 0.72138, -0.688206], [-0.622174, -0.574303, -0.532048]], [[-0.711654, 0.421633, 0.561938], [0.277318, 0.903519, -0.326724], [-0.645479, -0.076679, -0.759919]], [[-0.715874, 0.421317, 0.556791], [0.32021, 0.906732, -0.274415], [-0.620476, -0.018157, -0.784016]], [[-0.72172, 0.422019, 0.548653], [0.43588, 0.892834, -0.113386], [-0.537707, 0.157314, -0.828326]]], "btipPosition": [78.208473, 369.541138, 0.124854], "carpPosition": [7.86791, 338.154785, -75.255066], "dipPosition": [71.890793, 371.389465, -9.607396], "direction": [0.620476, 0.018157, 0.784016], "extended": true, "handId": 22, "id": 224, "length": 44.695923, "mcpPosition": [40.926243, 368.669525, -46.985432], "pipPosition": [61.185432, 371.076202, -23.13439], "timeVisible": 40.361958, "tipPosition": [78.208473, 369.541138, 0.124854], "type": 4, "width": 14.523104}, {"bases": [[[0.042486, 0.822474, -0.567213], [0.193368, -0.56376, -0.802984], [-0.980206, -0.075565, -0.182992]], [[0.193457, 0.833054, -0.518262], [0.385256, -0.550313, -0.740765], [-0.902304, -0.056357, -0.427401]], [[0.185194, 0.831233, -0.524171], [0.726051, -0.475189, -0.497036], [-0.662233, -0.288527, -0.69152]], [[0.179121, 0.824937, -0.536093], [0.976472, -0.215576, -0.005466], [-0.120078, -0.5225, -0.844141]]], "btipPosition": [83.658195, 319.285553, -29.023268], "carpPosition": [21.29957, 299.595551, -82.706703], "dipPosition": [81.728508, 310.888855, -42.588814], "direction": [0.662233, 0.288527, 0.69152], "extended": false, "handId": 22, "id": 220, "length": 46.491119, "mcpPosition": [21.29957, 299.595551, -82.706703], "pipPosition": [61.582787, 302.111603, -63.625454], "timeVisible": 40.361958, "tipPosition": [83.658195, 319.285553, -29.023268], "type": 0, "width": 18.315052}], "timestamp": 148142005409, "label": 3}, {"currentFrameRate": 43.891037, "devices": [], "hands": [{"armBasis": [[-0.555302, 0.807362, 0.199516], [-0.540333, -0.16788, -0.824534], [-0.632203, -0.56567, 0.529468]], "armWidth": 57.862366, "confidence": 0.606821, "direction": [0.775049, 0.575989, 0.259875], "elbow": [-205.292664, 189.670029, 7.833812], "grabAngle": 0.650354, "grabStrength": 0.0, "id": 22, "palmNormal": [-0.036953, -0.369242, 0.928598], "palmPosition": [8.934115, 363.901123, -111.389313], "palmVelocity": [-190.940887, 95.690567, -172.041901], "palmWidth": 83.376846, "pinchDistance": 30.910194, "pinchStrength": 0.344209, "timeVisible": 40.68084, "type": "right", "wrist": [-48.880013, 329.622009, -123.161461]}], "id": 11585, "pointables": [{"bases": [[[-0.491732, 0.815669, 0.304769], [0.165595, 0.431221, -0.88692], [-0.854855, -0.385659, -0.347116]], [[-0.675522, 0.721037, 0.154194], [0.515749, 0.611513, -0.600046], [-0.526947, -0.325819, -0.784964]], [[-0.668763, 0.72488, 0.165244], [0.574573, 0.644957, -0.503881], [-0.471828, -0.242033, -0.84782]], [[-0.664939, 0.726594, 0.172966], [0.63282, 0.671072, -0.386265], [-0.39673, -0.147386, -0.906026]]], "btipPosition": [75.558128, 380.354858, -55.962807], "carpPosition": [-16.878155, 335.034088, -137.971176], "dipPosition": [70.949387, 378.6427, -66.487946], "direction": [0.471828, 0.242033, 0.84782], "extended": true, "handId": 22, "id": 221, "length": 52.074055, "mcpPosition": [40.751087, 361.032898, -114.570702], "pipPosition": [60.865936, 373.470215, -84.606712], "timeVisible": 40.68084, "tipPosition": [75.558128, 380.354858, -55.962807], "type": 1, "width": 17.494537}, {"bases": [[[-0.623682, 0.670522, 0.401773], [0.061269, 0.55434, -0.830032], [-0.779273, -0.49306, -0.386814]], [[-0.710413, 0.620238, 0.332594], [0.34459, 0.7186, -0.604046], [-0.613654, -0.314514, -0.72423]], [[-0.708642, 0.621006, 0.334931], [0.440984, 0.76038, -0.476817], [-0.550782, -0.190193, -0.812691]], [[-0.708641, 0.621006, 0.334932], [0.440984, 0.760381, -0.476817], [-0.550782, -0.190193, -0.812691]]], "btipPosition": [75.421936, 397.353394, -48.535545], "carpPosition": [-21.412954, 345.21936, -134.906036], "dipPosition": [68.40715, 394.931091, -58.886021], "direction": [0.550782, 0.190193, 0.812691], "extended": true, "handId": 22, "id": 222, "length": 59.161888, "mcpPosition": [28.406374, 376.740906, -110.176804], "pipPosition": [54.584797, 390.15802, -79.281212], "timeVisible": 40.68084, "tipPosition": [75.421936, 397.353394, -48.535545], "type": 2, "width": 17.181961}, {"bases": [[[-0.734393, 0.546946, 0.401891], [-0.008319, 0.584829, -0.811114], [-0.678674, -0.59902, -0.424944]], [[-0.706823, 0.565269, 0.425291], [0.276661, 0.774223, -0.569243], [-0.651045, -0.284692, -0.703627]], [[-0.708041, 0.564783, 0.423907], [0.326776, 0.794194, -0.512322], [-0.626015, -0.224223, -0.74688]], [[-0.70842, 0.564653, 0.423448], [0.343082, 0.799808, -0.492546], [-0.616795, -0.203652, -0.760322]]], "btipPosition": [60.393688, 406.668121, -49.395767], "carpPosition": [-27.424187, 352.965851, -129.502304], "dipPosition": [52.57151, 404.085419, -59.038151], "direction": [0.626015, 0.224223, 0.74688], "extended": true, "handId": 22, "id": 223, "length": 56.886059, "mcpPosition": [11.530929, 387.348907, -105.11097], "pipPosition": [37.277386, 398.607452, -77.285103], "timeVisible": 40.68084, "tipPosition": [60.393688, 406.668121, -49.395767], "type": 3, "width": 16.349726}, {"bases": [[[-0.796469, 0.369741, 0.478466], [-0.182369, 0.607545, -0.773066], [-0.576523, -0.70298, -0.416461]], [[-0.719332, 0.428752, 0.546564], [0.156005, 0.86641, -0.474337], [-0.676922, -0.255939, -0.690125]], [[-0.723248, 0.427372, 0.542462], [0.188053, 0.877704, -0.440763], [-0.664491, -0.216769, -0.715166]], [[-0.72915, 0.426155, 0.535474], [0.31309, 0.903491, -0.292709], [-0.608535, -0.045777, -0.792206]]], "btipPosition": [34.212627, 406.642761, -55.355839], "carpPosition": [-36.285999, 356.978699, -120.797173], "dipPosition": [27.061234, 406.104797, -64.665695], "direction": [0.664491, 0.216769, 0.715166], "extended": true, "handId": 22, "id": 224, "length": 44.702923, "mcpPosition": [-5.653265, 394.330536, -98.669106], "pipPosition": [15.594127, 402.364014, -77.007309], "timeVisible": 40.68084, "tipPosition": [34.212627, 406.642761, -55.355839], "type": 4, "width": 14.523104}, {"bases": [[[-0.069551, 0.736127, -0.67326], [0.221732, -0.646604, -0.729889], [-0.972624, -0.200048, -0.118251]], [[0.09105, 0.774952, -0.625427], [0.486687, -0.582552, -0.650975], [-0.868819, -0.245116, -0.430201]], [[0.081453, 0.770579, -0.632118], [0.761414, -0.457358, -0.459425], [-0.643128, -0.443882, -0.623983]], [[0.073598, 0.759873, -0.645892], [0.986468, -0.150611, -0.064783], [-0.146506, -0.632384, -0.760675]]], "btipPosition": [41.545006, 354.033966, -73.467499], "carpPosition": [-19.092716, 319.477661, -123.807167], "dipPosition": [39.195442, 343.892212, -85.66671], "direction": [0.643128, 0.443882, 0.623983], "extended": false, "handId": 22, "id": 220, "length": 46.406197, "mcpPosition": [-19.092716, 319.477661, -123.807167], "pipPosition": [19.664379, 330.412018, -104.616356], "timeVisible": 40.68084, "tipPosition": [41.545006, 354.033966, -73.467499], "type": 0, "width": 18.315052}], "timestamp": 148142324290, "label": 3}, {"currentFrameRate": 43.970562, "devices": [], "hands": [{"armBasis": [[-0.690318, 0.704812, 0.163407], [-0.507803, -0.311112, -0.803334], [-0.515361, -0.637534, 0.572672]], "armWidth": 57.862366, "confidence": 0.558312, "direction": [0.648641, 0.731172, 0.211313], "elbow": [-248.078125, 176.784027, 3.59392], "grabAngle": 0.652131, "grabStrength": 0.020989, "id": 22, "palmNormal": [0.053115, -0.320453, 0.945774], "palmPosition": [-70.392761, 380.00174, -129.516052], "palmVelocity": [-286.966614, -14.305018, 4.538734], "palmWidth": 83.376846, "pinchDistance": 30.105635, "pinchStrength": 0.379322, "timeVisible": 40.976261, "type": "right", "wrist": [-120.573044, 334.515625, -138.090332]}], "id": 11598, "pointables": [{"bases": [[[-0.639553, 0.716459, 0.278673], [0.061236, 0.408831, -0.910553], [-0.766304, -0.565282, -0.305342]], [[-0.803431, 0.580537, 0.132196], [0.393824, 0.684682, -0.613281], [-0.446544, -0.440667, -0.778724]], [[-0.796875, 0.586518, 0.144866], [0.453754, 0.739361, -0.497447], [-0.39887, -0.33067, -0.855313]], [[-0.793817, 0.588821, 0.152134], [0.501301, 0.775163, -0.384472], [-0.344314, -0.228935, -0.910514]]], "btipPosition": [-9.134025, 409.874786, -74.921875], "carpPosition": [-90.337883, 345.241211, -154.034653], "dipPosition": [-13.128327, 407.218964, -85.484528], "direction": [0.39887, 0.33067, 0.855313], "extended": true, "handId": 22, "id": 221, "length": 52.021843, "mcpPosition": [-38.678223, 383.349121, -133.450317], "pipPosition": [-21.64271, 400.1604, -103.742264], "timeVisible": 40.976261, "tipPosition": [-9.134025, 409.874786, -74.921875], "type": 1, "width": 17.494537}, {"bases": [[[-0.738209, 0.553237, 0.385975], [-0.064608, 0.511561, -0.856814], [-0.671471, -0.657445, -0.341895]], [[-0.819252, 0.478589, 0.315878], [0.193042, 0.748881, -0.633965], [-0.539964, -0.458399, -0.70591]], [[-0.818084, 0.47948, 0.317548], [0.271292, 0.808618, -0.522051], [-0.507088, -0.340934, -0.791597]], [[-0.818084, 0.47948, 0.317548], [0.271292, 0.808618, -0.522051], [-0.507088, -0.340933, -0.791597]]], "btipPosition": [-11.723239, 428.871338, -69.464333], "carpPosition": [-96.792877, 354.44519, -151.273026], "dipPosition": [-18.166462, 424.539337, -79.522614], "direction": [0.507088, 0.340934, 0.791597], "extended": true, "handId": 22, "id": 222, "length": 59.048717, "mcpPosition": [-53.865402, 396.475983, -129.415482], "pipPosition": [-30.86714, 416.000214, -99.349182], "timeVisible": 40.976261, "tipPosition": [-11.723239, 428.871338, -69.464333], "type": 2, "width": 17.181961}, {"bases": [[[-0.82199, 0.41031, 0.39494], [-0.138557, 0.528562, -0.837511], [-0.552389, -0.743148, -0.377621]], [[-0.79926, 0.433863, 0.415868], [0.109245, 0.785334, -0.609357], [-0.590973, -0.441604, -0.675083]], [[-0.800152, 0.433217, 0.414824], [0.133559, 0.802933, -0.580914], [-0.584738, -0.409416, -0.700328]], [[-0.800837, 0.432751, 0.413988], [0.153328, 0.816385, -0.556781], [-0.578921, -0.382415, -0.720145]]], "btipPosition": [-27.523926, 436.026031, -71.576302], "carpPosition": [-104.144