[[{"currentFrameRate": 110.668571, "devices": [], "hands": [{"armBasis": [[0.470922, 0.025856, 0.881796], [-0.833191, 0.341483, 0.434952], [-0.289872, -0.939532, 0.182355]], "armWidth": 57.190575, "confidence": 0.732429, "direction": [0.851597, 0.524188, -0.002967], "elbow": [-212.136612, -148.041824, 144.128922], "grabAngle": 1.852127, "grabStrength": 0.537721, "id": 96, "palmNormal": [0.449057, -0.732436, -0.511748], "palmPosition": [-88.24469, 121.734512, 89.73497], "palmVelocity": [-300.637939, 37.716614, -194.169937], "palmWidth": 82.075874, "pinchDistance": 45.133945, "pinchStrength": 0.27773, "timeVisible": 3.660512, "type": "right", "wrist": [-141.538605, 80.779915, 99.716667]}], "id": 170492, "pointables": [{"bases": [[[-0.126656, 0.582567, 0.802854], [-0.75081, 0.472642, -0.461405], [-0.648262, -0.66123, 0.377534]], [[-0.019644, 0.712032, 0.701872], [-0.903697, 0.287678, -0.317134], [-0.427723, -0.640509, 0.63781]], [[-0.016031, 0.71491, 0.699033], [-0.526108, 0.588486, -0.613918], [-0.850267, -0.377608, 0.366686]], [[-0.007813, 0.715598, 0.698468], [0.333171, 0.660443, -0.672913], [-0.942834, 0.227452, -0.243577]]], "btipPosition": [-74.291702, 134.104645, 37.098942], "carpPosition": [-132.381363, 98.896477, 71.619202], "dipPosition": [-88.930321, 137.636108, 33.31712], "direction": [0.850267, 0.377608, -0.366686], "extended": true, "handId": 96, "id": 960, "length": 44.921154, "mcpPosition": [-132.381363, 98.896477, 71.619202], "pipPosition": [-113.923874, 126.536324, 44.095844], "timeVisible": 3.660512, "tipPosition": [-74.291702, 134.104645, 37.098942], "type": 0, "width": 18.134943}, {"bases": [[[0.156051, -0.784269, 0.600475], [-0.317968, 0.535677, 0.78227], [-0.935171, -0.313006, -0.16578]], [[0.150691, -0.786078, 0.599478], [-0.332428, 0.530797, 0.779581], [-0.931012, -0.316759, -0.181328]], [[0.136683, -0.787162, 0.601409], [0.445766, 0.591041, 0.672282], [-0.884653, 0.176198, 0.431675]], [[0.131275, -0.784903, 0.605552], [0.804699, 0.441124, 0.397328], [-0.578987, 0.435128, 0.689519]]], "btipPosition": [-21.406078, 112.499359, 108.705002], "carpPosition": [-119.530869, 94.434631, 109.523239], "dipPosition": [-27.947939, 117.415787, 116.495743], "direction": [0.884653, -0.176198, -0.431675], "extended": true, "handId": 96, "id": 964, "length": 42.912884, "mcpPosition": [-70.617233, 110.806236, 118.194275], "pipPosition": [-42.608322, 120.335724, 123.649422], "timeVisible": 3.660512, "tipPosition": [-21.406078, 112.499359, 108.705002], "type": 4, "width": 14.380285}, {"bases": [[[0.409571, -0.34029, 0.846436], [-0.326292, 0.811808, 0.484254], [-0.85193, -0.474521, 0.221459]], [[0.328548, -0.360308, 0.873061], [0.161044, 0.932209, 0.324115], [-0.930656, 0.034114, 0.364301]], [[0.334973, -0.363086, 0.86946], [0.725597, 0.688076, 0.007793], [-0.601085, 0.628267, 0.493941]], [[0.335928, -0.36482, 0.868365], [0.915405, 0.343539, -0.209797], [-0.221779, 0.865383, 0.449363]]], "btipPosition": [-28.225912, 121.523041, 43.425041], "carpPosition": [-133.807709, 113.884224, 86.693733], "dipPosition": [-30.704823, 131.195755, 48.447742], "direction": [0.601085, -0.628267, -0.493941], "extended": false, "handId": 96, "id": 961, "length": 50.124668, "mcpPosition": [-77.271805, 145.374466, 71.997223], "pipPosition": [-43.070663, 144.120804, 58.609367], "timeVisible": 3.660512, "tipPosition": [-28.225912, 121.523041, 43.425041], "type": 1, "width": 17.322498}, {"bases": [[[0.34029, -0.534645, 0.773535], [-0.270976, 0.731976, 0.625127], [-0.90043, -0.422334, 0.104208]], [[0.266137, -0.557399, 0.786433], [0.004898, 0.816628, 0.577143], [-0.963923, -0.149747, 0.220065]], [[0.263435, -0.556387, 0.788058], [0.868142, 0.492937, 0.057819], [-0.420633, 0.668915, 0.612879]], [[0.263751, -0.553528, 0.789963], [0.772807, -0.368829, -0.516463], [0.577238, 0.746707, 0.330491]]], "btipPosition": [-28.859344, 118.108047, 61.38459], "carpPosition": [-128.383255, 111.016754, 96.128242], "dipPosition": [-21.666859, 127.412148, 65.502571], "direction": [0.420633, -0.668915, -0.612879], "extended": false, "handId": 96, "id": 962, "length": 57.543278, "mcpPosition": [-71.716522, 137.59549, 89.570114], "pipPosition": [-31.954752, 143.772552, 80.492455], "timeVisible": 3.660512, "tipPosition": [-28.859344, 118.108047, 61.38459], "type": 2, "width": 17.012995}, {"bases": [[[0.223528, -0.644616, 0.731099], [-0.274537, 0.678071, 0.681798], [-0.935235, -0.353115, -0.025403]], [[0.197395, -0.653262, 0.730948], [-0.191147, 0.70566, 0.682281], [-0.961508, -0.274397, 0.014425]], [[0.184708, -0.651745, 0.735603], [0.72427, 0.596203, 0.346373], [-0.664315, 0.468797, 0.582163]], [[0.18123, -0.644419, 0.742886], [0.980212, 0.057205, -0.189503], [0.079623, 0.76253, 0.642035]]], "btipPosition": [-19.202438, 115.276772, 83.335892], "carpPosition": [-123.52356, 105.373871, 104.177483], "dipPosition": [-18.221155, 124.674332, 91.248444], "direction": [0.664316, -0.468797, -0.582163], "extended": false, "handId": 96, "id": 963, "length": 55.134884, "mcpPosition": [-70.679718, 125.326012, 105.612831], "pipPosition": [-33.984383, 135.798203, 105.062317], "timeVisible": 3.660512, "tipPosition": [-19.202438, 115.276772, 83.335892], "type": 3, "width": 16.188944}], "timestamp": 36686901008, "label": 12}, {"currentFrameRate": 110.669579, "devices": [], "hands": [{"armBasis": [[0.679017, 0.294061, 0.672654], [-0.570032, 0.788573, 0.230688], [-0.4626, -0.540075, 0.703079]], "armWidth": 57.190575, "confidence": 0.714535, "direction": [0.830578, 0.385426, -0.401979], "elbow": [-208.46344, 0.94432, 165.586151], "grabAngle": 2.732617, "grabStrength": 1.0, "id": 96, "palmNormal": [0.364987, -0.921918, -0.129812], "palmPosition": [-43.799328, 156.704788, -43.084663], "palmVelocity": [413.046356, 38.264732, -3.157096], "palmWidth": 82.075874, "pinchDistance": 31.662891, "pinchStrength": 0.706085, "timeVisible": 4.067229, "type": "right", "wrist": [-95.797806, 132.478882, -5.647701]}], "id": 170537, "pointables": [{"bases": [[[0.004877, 0.91545, 0.402401], [-0.825889, 0.230571, -0.514534], [-0.563812, -0.329829, 0.757185]], [[0.017282, 0.924648, 0.38043], [-0.935307, 0.149439, -0.32073], [-0.353414, -0.350276, 0.867413]], [[0.019665, 0.925838, 0.377408], [-0.61731, 0.30818, -0.723846], [-0.786474, -0.218743, 0.57759]], [[0.025668, 0.926267, 0.375992], [0.183179, 0.36539, -0.912653], [-0.982744, 0.0923, -0.160294]]], "btipPosition": [-36.756996, 151.216187, -91.85627], "carpPosition": [-90.322235, 131.118225, -39.973934], "dipPosition": [-51.990807, 152.646957, -94.341034], "direction": [0.786474, 0.218743, -0.57759], "extended": true, "handId": 96, "id": 960, "length": 44.85915, "mcpPosition": [-90.322235, 131.118225, -39.973934], "pipPosition": [-75.079994, 146.225128, -77.384232], "timeVisible": 4.067229, "tipPosition": [-36.756996, 151.216187, -91.85627], "type": 0, "width": 18.134943}, {"bases": [[[0.554109, 0.10306, 0.82604], [-0.249966, 0.967112, 0.047017], [-0.794028, -0.232534, 0.561647]], [[0.43509, 0.112882, 0.893283], [0.287498, 0.922757, -0.256638], [-0.853253, 0.368478, 0.36903]], [[0.458416, 0.063235, 0.886486], [0.857999, -0.291556, -0.422887], [0.231719, 0.954461, -0.187909]], [[0.442487, 0.041777, 0.895801], [0.406519, -0.899729, -0.158842], [0.799342, 0.434445, -0.415101]]], "btipPosition": [-18.693872, 128.873245, -77.069962], "carpPosition": [-89.091385, 151.906189, -34.75523], "dipPosition": [-9.643633, 133.792084, -81.769783], "direction": [-0.231719, -0.954462, 0.187909], "extended": false, "handId": 96, "id": 961, "length": 50.686199, "mcpPosition": [-36.398022, 167.337662, -72.027336], "pipPosition": [-4.811259, 153.696884, -85.688522], "timeVisible": 4.067229, "tipPosition": [-18.693872, 128.873245, -77.069962], "type": 1, "width": 17.322498}, {"bases": [[[0.476179, -0.095693, 0.874126], [-0.170061, 0.965273, 0.198311], [-0.862748, -0.243086, 0.443369]], [[0.432699, -0.096431, 0.896366], [0.234277, 0.972133, -0.00851], [-0.870566, 0.21368, 0.443232]], [[0.43805, -0.10706, 0.892553], [0.854292, -0.259476, -0.450396], [0.279816, 0.959797, -0.022203]], [[0.431689, -0.113219, 0.894889], [0.112724, -0.977543, -0.178053], [0.894951, 0.177739, -0.409232]]], "btipPosition": [-9.908313, 134.343185, -66.577599], "carpPosition": [-82.071312, 153.714371, -26.037678], "dipPosition": [1.281443, 136.565491, -71.694313], "direction": [-0.279816, -0.959797, 0.022203], "extended": false, "handId": 96, "id": 962, "length": 57.761623, "mcpPosition": [-27.77606, 169.012497, -53.940178], "pipPosition": [8.168797, 160.189835, -72.240822], "timeVisible": 4.067229, "tipPosition": [-9.908313, 134.343185, -66.577599], "type": 2, "width": 17.012995}, {"bases": [[[0.355484, -0.202915, 0.912391], [-0.163021, 0.947728, 0.27429], [-0.920356, -0.246245, 0.303823]], [[0.421947, -0.191228, 0.886224], [0.012982, 0.978677, 0.204996], [-0.906528, -0.074992, 0.415432]], [[0.411803, -0.182244, 0.892864], [0.905924, 0.187877, -0.379478], [-0.098591, 0.965137, 0.242468]], [[0.416548, -0.171347, 0.89282], [0.47853, -0.793692, -0.375582], [0.77298, 0.583689, -0.248616]]], "btipPosition": [3.665588, 138.924057, -52.874157], "carpPosition": [-75.763123, 152.473145, -17.109072], "dipPosition": [13.262119, 146.170547, -55.96072], "direction": [0.098591, -0.965137, -0.242468], "extended": false, "handId": 96, "id": 963, "length": 55.451752, "mcpPosition": [-23.759995, 166.386765, -34.276062], "pipPosition": [10.904057, 169.254333, -50.161465], "timeVisible": 4.067229, "tipPosition": [3.665588, 138.924057, -52.874157], "type": 3, "width": 16.188944}, {"bases": [[[0.26859, -0.383835, 0.883476], [-0.186412, 0.879127, 0.438618], [-0.945045, -0.282499, 0.164573]], [[0.416407, -0.350557, 0.838878], [0.025253, 0.92678, 0.374755], [-0.908828, -0.134866, 0.39477]], [[0.400436, -0.342157, 0.850047], [0.845641, 0.495265, -0.199009], [-0.352907, 0.798524, 0.487664]], [[0.400198, -0.337756, 0.851917], [0.879023, -0.121403, -0.461064], [0.259153, 0.933371, 0.24831]]], "btipPosition": [9.146358, 140.59816, -38.709007], "carpPosition": [-70.681572, 145.717865, -7.201467], "dipPosition": [12.093109, 151.211258, -35.885544], "direction": [0.352907, -0.798524, -0.487664], "extended": false, "handId": 96, "id": 964, "length": 43.192921, "mcpPosition": [-21.25148, 160.493851, -15.809385], "pipPosition": [6.190918, 164.566193, -27.729607], "timeVisible": 4.067229, "tipPosition": [9.146358, 140.59816, -38.709007], "type": 4, "width": 14.380285}], "timestamp": 36687307725, "label": 12}, {"currentFrameRate": 110.652802, "devices": [], "hands": [{"armBasis": [[0.61781, -0.125025, 0.776325], [-0.380029, 0.816846, 0.433983], [-0.688396, -0.563145, 0.457142]], "armWidth": 57.190575, "confidence": 0.590221, "direction": [0.912811, 0.367511, -0.178081], "elbow": [-218.198898, -26.8402, 195.615265], "grabAngle": 2.662222, "grabStrength": 1.0, "id": 96, "palmNormal": [0.268934, -0.869115, -0.415107], "palmPosition": [8.790592, 136.364777, 61.531281], "palmVelocity": [-185.333603, -85.210854, 271.338531], "palmWidth": 82.075874, "pinchDistance": 18.523294, "pinchStrength": 1.0, "timeVisible": 4.464972, "type": "right", "wrist": [-50.540981, 110.312881, 84.278969]}], "id": 170581, "pointables": [{"bases": [[[0.061245, 0.71587, 0.695542], [-0.723846, 0.511659, -0.462875], [-0.687238, -0.475116, 0.549516]], [[0.227443, 0.822276, 0.521663], [-0.794121, 0.466666, -0.389352], [-0.563597, -0.325708, 0.759126]], [[0.225457, 0.821875, 0.523154], [-0.285901, 0.569152, -0.770926], [-0.931359, 0.02424, 0.363295]], [[0.222076, 0.822849, 0.52307], [0.579586, 0.319994, -0.749456], [-0.784068, 0.4696, -0.405849]]], "btipPosition": [23.54283, 124.699234, 14.746398], "carpPosition": [-40.367744, 118.647285, 51.899963], "dipPosition": [11.360902, 131.995331, 8.4408], "direction": [0.931359, -0.02424, -0.363295], "extended": false, "handId": 96, "id": 960, "length": 44.953659, "mcpPosition": [-40.367744, 118.647285, 51.899963], "pipPosition": [-16.036728, 132.708405, 19.127779], "timeVisible": 4.464972, "tipPosition": [23.54283, 124.699234, 14.746398], "type": 0, "width": 18.134943}, {"bases": [[[0.456229, -0.264617, 0.849607], [-0.140129, 0.921486, 0.362252], [-0.87876, -0.284325, 0.383328]], [[0.488291, -0.263348, 0.831997], [0.324293, 0.939866, 0.107167], [-0.810189, 0.217483, 0.544331]], [[0.472434, -0.23625, 0.849112], [0.873918, 0.000585, -0.486073], [0.114338, 0.971692, 0.206739]], [[0.482204, -0.215794, 0.849065], [0.547937, -0.681926, -0.484502], [0.683552, 0.698863, -0.210586]]], "btipPosition": [40.825294, 118.386772, 16.886875], "carpPosition": [-37.340668, 135.71489, 64.382904], "dipPosition": [48.561646, 126.29641, 14.503496], "direction": [-0.114338, -0.971692, -0.206739], "extended": false, "handId": 96, "id": 961, "length": 50.64439, "mcpPosition": [20.975704, 154.583267, 38.944424], "pipPosition": [50.943546, 146.538864, 18.810326], "timeVisible": 4.464972, "tipPosition": [40.825294, 118.386772, 16.886875], "type": 1, "width": 17.322498}, {"bases": [[[0.35047, -0.453786, 0.819298], [-0.08024, 0.857018, 0.509001], [-0.93313, -0.24413, 0.263947]], [[0.280694, -0.459295, 0.842769], [0.248126, 0.882945, 0.398549], [-0.92717, 0.097242, 0.361801]], [[0.280433, -0.458941, 0.843048], [0.938763, -0.052055, -0.340609], [0.200204, 0.886941, 0.416239]], [[0.280633, -0.458744, 0.843089], [0.12348, -0.853832, -0.505691], [0.951839, 0.246018, -0.182968]]], "btipPosition": [48.86388, 120.15097, 34.060272], "carpPosition": [-31.382229, 133.704651, 73.587486], "dipPosition": [60.771866, 123.228783, 31.771255], "direction": [-0.200204, -0.886941, -0.416239], "extended": false, "handId": 96, "id": 962, "length": 57.792053, "mcpPosition": [27.34243, 149.068466, 56.976501], "pipPosition": [65.696518, 145.045868, 42.009953], "timeVisible": 4.464972, "tipPosition": [48.86388, 120.15097, 34.060272], "type": 2, "width": 17.012995}, {"bases": [[[0.214377, -0.548071, 0.808493], [-0.0847, 0.814188, 0.57439], [-0.973072, -0.191616, 0.128121]], [[0.179454, -0.54998, 0.81567], [0.218095, 0.83074, 0.512158], [-0.959287, 0.085985, 0.269027]], [[0.174235, -0.544645, 0.820368], [0.983096, 0.048626, -0.176513], [0.056246, 0.837256, 0.543911]], [[0.177617, -0.539676, 0.822923], [0.488865, -0.677355, -0.549728], [0.854086, 0.499939, 0.143519]]], "btipPosition": [53.400913, 110.018044, 49.65667], "carpPosition": [-26.402069, 128.708954, 81.992142], "dipPosition": [63.997799, 116.220932, 51.437347], "direction": [-0.056246, -0.837256, -0.543911], "extended": false, "handId": 96, "id": 963, "length": 55.480038, "mcpPosition": [28.57966, 139.535873, 74.752869], "pipPosition": [65.342697, 136.240646, 64.442848], "timeVisible": 4.464972, "tipPosition": [53.400913, 110.018044, 49.65667], "type": 3, "width": 16.188944}, {"bases": [[[0.111342, -0.693508, 0.711793], [-0.135959, 0.698882, 0.702196], [-0.984438, -0.174959, -0.016474]], [[0.027093, -0.705754, 0.707939], [-0.131566, 0.699521, 0.702397], [-0.990937, -0.112171, -0.073901]], [[0.018908, -0.702942, 0.710996], [0.877138, 0.352968, 0.325643], [-0.479867, 0.617484, 0.623251]], [[0.018834, -0.697758, 0.716086], [0.886841, -0.319069, -0.334227], [0.46169, 0.641349, 0.612791]]], "btipPosition": [60.928288, 113.08448, 74.3396], "carpPosition": [-23.394342, 118.264549, 88.739517], "dipPosition": [66.212494, 120.424942, 81.35321], "direction": [0.479867, -0.617484, -0.623251], "extended": false, "handId": 96, "id": 964, "length": 43.431599, "mcpPosition": [28.096186, 127.415688, 89.601181], "pipPosition": [58.137096, 130.816223, 91.841537], "timeVisible": 4.464972, "tipPosition": [60.928288, 113.08448, 74.3396], "type": 4, "width": 14.380285}], "timestamp": 36687705468, "label": 12}, {"currentFrameRate": 110.656143, "devices": [], "hands": [{"armBasis": [[0.564128, 0.343071, 0.751041], [-0.739516, 0.614507, 0.274768], [-0.367255, -0.710411, 0.600367]], "armWidth": 57.190575, "confidence": 0.74824, "direction": [0.836136, 0.500627, -0.224164], "elbow": [-255.428726, -66.196144, 207.109268], "grabAngle": 1.834049, "grabStrength": 0.685254, "id": 96, "palmNormal": [0.461398, -0.862915, -0.206132], "palmPosition": [-113.131264, 140.765549, 34.145859], "palmVelocity": [-117.892944, 127.9739, -382.80545], "palmWidth": 82.075874, "pinchDistance": 42.650799, "pinchStrength": 0.324918, "timeVisible": 4.87169, "type": "right", "wrist": [-165.984314, 106.823448, 60.890823]}], "id": 170626, "pointables": [{"bases": [[[-0.130167, 0.841768, 0.523912], [-0.771383, 0.246001, -0.5869], [-0.622916, -0.480532, 0.617304]], [[-0.090979, 0.878148, 0.469658], [-0.914052, 0.113552, -0.389379], [-0.395263, -0.464717, 0.792342]], [[-0.083941, 0.883282, 0.461266], [-0.665537, 0.294821, -0.685668], [-0.74163, -0.364545, 0.563109]], [[-0.065865, 0.887811, 0.455471], [-0.0275, 0.454674, -0.890233], [-0.99745, -0.07116, -0.005532]]], "btipPosition": [-102.536758, 143.906021, -23.439028], "carpPosition": [-156.849823, 112.043274, 27.202185], "dipPosition": [-118.009781, 142.802139, -23.524841], "direction": [0.74163, 0.364545, -0.563109], "extended": true, "handId": 96, "id": 960, "length": 44.88979, "mcpPosition": [-156.849823, 112.043274, 27.202185], "pipPosition": [-139.796783, 132.092819, -6.98226], "timeVisible": 4.87169, "tipPosition": [-102.536758, 143.906021, -23.439028], "type": 0, "width": 18.134943}, {"bases": [[[0.432807, 0.01611, 0.901342], [-0.341409, 0.928293, 0.147347], [-0.834337, -0.371499, 0.407272]], [[0.44512, 0.019221, 0.895265], [-0.066771, 0.997699, 0.011778], [-0.892978, -0.06502, 0.445379]], [[0.439481, 0.022356, 0.897974], [0.747733, 0.544852, -0.379515], [-0.497748, 0.838234, 0.222735]], [[0.43822, 0.0271, 0.898459], [0.89882, -0.023512, -0.437686], [0.009263, 0.999356, -0.034662]]], "btipPosition": [-59.844604, 129.588196, -12.146992], "carpPosition": [-158.38121, 131.203079, 35.54248], "dipPosition": [-59.740116, 140.860809, -12.537972], "direction": [0.497748, -0.838234, -0.222735], "extended": false, "handId": 96, "id": 961, "length": 50.477245, "mcpPosition": [-103.012863, 155.856567, 8.515032], "pipPosition": [-70.069038, 158.25528, -7.915917], "timeVisible": 4.87169, "tipPosition": [-59.844604, 129.588196, -12.146992], "type": 1, "width": 17.322498}, {"bases": [[[0.367924, -0.192718, 0.909666], [-0.281558, 0.909271, 0.306514], [-0.886204, -0.368897, 0.280282]], [[0.343448, -0.199716, 0.917691], [-0.076232, 0.967976, 0.23919], [-0.936073, -0.152107, 0.317224]], [[0.340733, -0.198412, 0.918985], [0.822781, 0.535886, -0.189364], [-0.454899, 0.820646, 0.345843]], [[0.340379, -0.196707, 0.919483], [0.936774, -0.013522, -0.349673], [0.081216, 0.980369, 0.179667]]], "btipPosition": [-48.398624, 129.904709, 3.768332], "carpPosition": [-152.930679, 132.615723, 45.18433], "dipPosition": [-47.391609, 142.060471, 5.996056], "direction": [0.454899, -0.820646, -0.345843], "extended": false, "handId": 96, "id": 962, "length": 57.479565, "mcpPosition": [-97.159264, 155.831528, 27.54538], "pipPosition": [-58.506741, 162.112366, 14.446483], "timeVisible": 4.87169, "tipPosition": [-48.398624, 129.904709, 3.768332], "type": 2, "width": 17.012995}, {"bases": [[[0.253673, -0.312897, 0.915284], [-0.282658, 0.880956, 0.379501], [-0.92507, -0.354982, 0.135032]], [[0.267883, -0.306934, 0.913252], [-0.337383, 0.857993, 0.387326], [-0.902447, -0.411874, 0.126287]], [[0.264182, -0.306419, 0.914503], [0.699367, 0.713798, 0.037136], [-0.664149, 0.629762, 0.402872]], [[0.263281, -0.303776, 0.915644], [0.956636, -0.0404, -0.288471], [0.124622, 0.951887, 0.279967]]], "btipPosition": [-46.521935, 139.450211, 29.036201], "carpPosition": [-147.651917, 130.415009, 54.574821], "dipPosition": [-44.978973, 151.235596, 32.502491], "direction": [0.664149, -0.629762, -0.402872], "extended": false, "handId": 96, "id": 963, "length": 55.375477, "mcpPosition": [-95.382446, 150.472656, 46.945084], "pipPosition": [-60.813164, 166.249954, 42.107498], "timeVisible": 4.87169, "tipPosition": [-46.521935, 139.450211, 29.036201], "type": 3, "width": 16.188944}, {"bases": [[[0.188094, -0.493109, 0.849391], [-0.320372, 0.786719, 0.52767], [-0.92843, -0.371373, -0.010001]], [[0.103313, -0.519241, 0.84836], [-0.189858, 0.826947, 0.529256], [-0.976361, -0.215747, -0.013148]], [[0.109804, -0.520214, 0.846948], [0.612091, 0.706752, 0.354747], [-0.783127, 0.479457, 0.396022]], [[0.112094, -0.52239, 0.845307], [0.871526, 0.460337, 0.168912], [-0.477364, 0.717773, 0.506878]]], "btipPosition": [-46.799614, 132.405502, 52.198112], "carpPosition": [-143.297073, 122.586357, 63.618454], "dipPosition": [-52.210999, 140.54216, 57.944061], "direction": [0.783127, -0.479457, -0.396022], "extended": false, "handId": 96, "id": 964, "length": 43.08704, "mcpPosition": [-94.736008, 142.010818, 64.141548], "pipPosition": [-65.251549, 148.526031, 64.538589], "timeVisible": 4.87169, "tipPosition": [-46.799614, 132.405502, 52.198112], "type": 4, "width": 14.380285}], "timestamp": 36688112186, "label": 12}, {"currentFrameRate": 110.500664, "devices": [], "hands": [{"armBasis": [[0.719246, 0.169949, 0.673649], [-0.470827, 0.832242, 0.292737], [-0.510889, -0.527722, 0.678603]], "armWidth": 57.190575, "confidence": 0.757941, "direction": [0.846888, 0.351869, -0.398709], "elbow": [-191.909515, 3.959534, 174.467758], "grabAngle": 2.641469, "grabStrength": 1.0, "id": 96, "palmNormal": [0.289563, -0.934011, -0.209229], "palmPosition": [-14.559289, 155.227051, -27.980204], "palmVelocity": [382.539185, -80.110291, 199.017715], "palmWidth": 82.075874, "pinchDistance": 31.647491, "pinchStrength": 0.720716, "timeVisible": 5.269662, "type": "right", "wrist": [-67.483276, 132.485458, 9.194905]}], "id": 170670, "pointables": [{"bases": [[[0.085739, 0.879221, 0.468636], [-0.818961, 0.33007, -0.469421], [-0.567408, -0.343547, 0.748348]], [[0.153388, 0.926751, 0.342935], [-0.934276, 0.249051, -0.255153], [-0.321871, -0.281259, 0.904042]], [[0.15985, 0.928795, 0.334346], [-0.574096, 0.363001, -0.733924], [-0.803033, -0.074628, 0.591243]], [[0.175043, 0.927259, 0.330986], [0.272846, 0.277324, -0.92122], [-0.946, 0.251561, -0.204455]]], "btipPosition": [-10.677938, 143.490311, -79.021523], "carpPosition": [-62.990879, 133.052994, -25.707895], "dipPosition": [-25.409575, 147.407761, -82.205414], "direction": [0.803033, 0.074628, -0.591243], "extended": true, "handId": 96, "id": 960, "length": 45.049866, "mcpPosition": [-62.990879, 133.052994, -25.707895], "pipPosition": [-49.080822, 145.207916, -64.777153], "timeVisible": 5.269662, "tipPosition": [-10.677938, 143.490311, -79.021523], "type": 0, "width": 18.134943}, {"bases": [[[0.581882, -0.001786, 0.813271], [-0.173624, 0.976671, 0.12637], [-0.794524, -0.214736, 0.567997]], [[0.527451, 0.0048, 0.849572], [0.341748, 0.914315, -0.217338], [-0.77782, 0.404974, 0.480617]], [[0.53467, -0.011214, 0.844987], [0.831421, -0.171947, -0.528368], [0.151218, 0.985042, -0.082612]], [[0.531373, -0.01842, 0.846938], [0.580654, -0.720046, -0.379966], [0.616833, 0.693682, -0.371917]]], "btipPosition": [11.681361, 123.781654, -68.019753], "carpPosition": [-59.749615, 152.931534, -18.438503], "dipPosition": [18.663694, 131.633881, -72.229721], "direction": [-0.151218, -0.985042, 0.082612], "extended": false, "handId": 96, "id": 961, "length": 50.702671, "mcpPosition": [-7.023337, 167.18187, -56.131985], "pipPosition": [21.815767, 152.166702, -73.951729], "timeVisible": 5.269662, "tipPosition": [11.681361, 123.781654, -68.019753], "type": 1, "width": 17.322498}, {"bases": [[[0.490205, -0.197253, 0.848994], [-0.090152, 0.957357, 0.274483], [-0.866932, -0.211092, 0.451518]], [[0.460961, -0.194871, 0.86576], [0.39735, 0.917653, -0.005011], [-0.793491, 0.34632, 0.500434]], [[0.462364, -0.198602, 0.864162], [0.832371, -0.238656, -0.500202], [0.305579, 0.950579, 0.054964]], [[0.461081, -0.200392, 0.864435], [0.427196, -0.803717, -0.414178], [0.777758, 0.560252, -0.284972]]], "btipPosition": [17.798067, 122.48336, -56.925266], "carpPosition": [-52.463028, 153.893692, -9.960405], "dipPosition": [27.495682, 129.468964, -60.478489], "direction": [-0.305579, -0.950579, -0.054964], "extended": false, "handId": 96, "id": 962, "length": 57.764893, "mcpPosition": [2.095585, 167.178314, -38.375778], "pipPosition": [35.001167, 152.816635, -59.128483], "timeVisible": 5.269662, "tipPosition": [17.798067, 122.48336, -56.925266], "type": 2, "width": 17.012995}, {"bases": [[[0.362678, -0.297772, 0.883061], [-0.082489, 0.9336, 0.348692], [-0.928257, -0.199306, 0.314033]], [[0.393039, -0.297514, 0.870061], [0.295881, 0.936806, 0.186677], [-0.870618, 0.184063, 0.45623]], [[0.38391, -0.283303, 0.878836], [0.913221, -0.024236, -0.406744], [0.136531, 0.958724, 0.249414]], [[0.391659, -0.271649, 0.879096], [0.384177, -0.819877, -0.424511], [0.836069, 0.503992, -0.216751]]], "btipPosition": [26.274538, 126.492584, -39.930569], "carpPosition": [-45.984379, 151.514252, -1.373585], "dipPosition": [36.660564, 132.753403, -42.62315], "direction": [-0.136532, -0.958724, -0.249414], "extended": false, "handId": 96, "id": 963, "length": 55.576141, "mcpPosition": [6.465164, 162.775665, -19.117485], "pipPosition": [39.928516, 155.700958, -36.653297], "timeVisible": 5.269662, "tipPosition": [26.274538, 126.492584, -39.930569], "type": 3, "width": 16.188944}, {"bases": [[[0.261415, -0.468975, 0.843638], [-0.106758, 0.85462, 0.508161], [-0.959304, -0.222906, 0.173344]], [[0.258192, -0.46921, 0.844499], [0.227937, 0.879046, 0.418716], [-0.938819, 0.084383, 0.333913]], [[0.254316, -0.46574, 0.847591], [0.960603, 0.223229, -0.165563], [-0.112098, 0.856303, 0.504162]], [[0.255392, -0.462568, 0.849003], [0.714756, -0.501004, -0.487974], [0.651075, 0.731454, 0.202671]]], "btipPosition": [31.941801, 130.04361, -22.486502], "carpPosition": [-41.219749, 143.744461, 7.545246], "dipPosition": [39.391544, 138.413071, -20.167498], "direction": [0.112098, -0.856303, -0.504162], "extended": false, "handId": 96, "id": 964, "length": 43.491009, "mcpPosition": [8.956182, 155.403442, -1.521414], "pipPosition": [37.503246, 152.83757, -11.674851], "timeVisible": 5.269662, "tipPosition": [31.941801, 130.04361, -22.486502], "type": 4, "width": 14.380285}], "timestamp": 36688510158, "label": 12}], [{"currentFrameRate": 110.567078, "devices": [], "hands": [{"armBasis": [[0.491153, 0.075639, 0.867783], [-0.775309, 0.492079, 0.395922], [-0.39707, -0.867258, 0.30033]], "armWidth": 57.190575, "confidence": 0.712942, "direction": [0.814113, 0.579667, -0.034724], "elbow": [-225.913132, -114.837372, 169.83371], "grabAngle": 2.282598, "grabStrength": 0.872383, "id": 96, "palmNormal": [0.517085, -0.750836, -0.410936], "palmPosition": [-77.040558, 138.578995, 83.725777], "palmVelocity": [-303.412994, 3.69366, -86.592697], "palmWidth": 82.075874, "pinchDistance": 17.465843, "pinchStrength": 1.0, "timeVisible": 5.866087, "type": "right", "wrist": [-129.207199, 96.38221, 96.688866]}], "id": 170736, "pointables": [{"bases": [[[-0.19729, 0.657284, 0.727362], [-0.761657, 0.364353, -0.535842], [-0.617216, -0.659716, 0.428741]], [[0.027663, 0.847691, 0.529768], [-0.775654, 0.352505, -0.523547], [-0.630552, -0.396434, 0.667266]], [[0.01742, 0.844574, 0.535155], [-0.201491, 0.527221, -0.825493], [-0.979335, -0.093449, 0.179358]], [[0.001876, 0.846956, 0.53166], [0.669828, 0.393702, -0.629547], [-0.742514, 0.357301, -0.566576]]], "btipPosition": [-51.454273, 125.077362, 41.070126], "carpPosition": [-119.102249, 110.756744, 66.366196], "dipPosition": [-63.008598, 130.63736, 32.253593], "direction": [0.979335, 0.093449, -0.179358], "extended": false, "handId": 96, "id": 960, "length": 45.020985, "mcpPosition": [-119.102249, 110.756744, 66.366196], "pipPosition": [-91.859726, 127.884361, 37.537464], "timeVisible": 5.866087, "tipPosition": [-51.454273, 125.077362, 41.070126], "type": 0, "width": 18.134943}, {"bases": [[[0.397218, -0.214772, 0.89224], [-0.398895, 0.835182, 0.378622], [-0.826499, -0.506305, 0.246077]], [[0.400428, -0.213915, 0.891009], [0.128248, 0.975882, 0.176655], [-0.907309, 0.043532, 0.418205]], [[0.385819, -0.200752, 0.900468], [0.904048, 0.276888, -0.325623], [-0.18396, 0.939698, 0.288318]], [[0.387937, -0.186807, 0.902556], [0.797871, -0.422169, -0.43032], [0.461418, 0.88706, -0.014727]]], "btipPosition": [-34.614872, 129.492386, 42.483555], "carpPosition": [-121.66391, 127.100082, 80.131958], "dipPosition": [-29.396364, 139.52478, 42.316998], "direction": [0.18396, -0.939698, -0.288318], "extended": false, "handId": 96, "id": 961, "length": 50.638805, "mcpPosition": [-66.815666, 160.699554, 63.801735], "pipPosition": [-33.226143, 159.087952, 48.319366], "timeVisible": 5.866087, "tipPosition": [-34.614872, 129.492386, 42.483555], "type": 1, "width": 17.322498}, {"bases": [[[0.344045, -0.420411, 0.839576], [-0.344047, 0.77553, 0.529325], [-0.87365, -0.470965, 0.122176]], [[0.296543, -0.436009, 0.849681], [0.006309, 0.890576, 0.454792], [-0.954999, -0.129504, 0.266845]], [[0.293482, -0.434231, 0.851653], [0.923887, 0.357682, -0.136003], [-0.245564, 0.826745, 0.506153]], [[0.294015, -0.431583, 0.852814], [0.76559, -0.427827, -0.480454], [0.572213, 0.794166, 0.204627]]], "btipPosition": [-23.232374, 130.726837, 56.328266], "carpPosition": [-116.60791, 125.890198, 90.011635], "dipPosition": [-16.105246, 140.618484, 58.87698], "direction": [0.245564, -0.826745, -0.506153], "extended": false, "handId": 96, "id": 962, "length": 57.651646, "mcpPosition": [-61.626518, 155.529434, 82.322716], "pipPosition": [-22.125231, 160.886078, 71.285294], "timeVisible": 5.866087, "tipPosition": [-23.232374, 130.726837, 56.328266], "type": 2, "width": 17.012995}, {"bases": [[[0.236681, -0.542394, 0.806096], [-0.346262, 0.728103, 0.591582], [-0.907791, -0.419136, -0.015482]], [[0.241065, -0.540811, 0.80586], [-0.142592, 0.8016, 0.580607], [-0.959977, -0.254874, 0.116122]], [[0.228501, -0.537178, 0.811928], [0.851923, 0.513973, 0.100291], [-0.471184, 0.668784, 0.575078]], [[0.22769, -0.528515, 0.81782], [0.915917, -0.168854, -0.364122], [0.330536, 0.831962, 0.445629]]], "btipPosition": [-16.3932, 128.741547, 75.981972], "carpPosition": [-111.62764, 121.537041, 98.788719], "dipPosition": [-12.302205, 139.03862, 81.497459], "direction": [0.471184, -0.668784, -0.575078], "extended": false, "handId": 96, "id": 963, "length": 55.390617, "mcpPosition": [-60.334457, 145.21962, 99.663513], "pipPosition": [-23.539612, 154.988647, 95.212669], "timeVisible": 5.866087, "tipPosition": [-16.3932, 128.741547, 75.981972], "type": 3, "width": 16.188944}, {"bases": [[[0.18396, -0.700056, 0.689985], [-0.384066, 0.594968, 0.70605], [-0.904794, -0.394885, -0.159417]], [[0.110778, -0.727978, 0.676591], [-0.336841, 0.612986, 0.714693], [-0.935022, -0.307076, -0.177308]], [[0.103827, -0.727866, 0.677813], [0.579288, 0.598228, 0.553669], [-0.808484, 0.335163, 0.483756]], [[0.101192, -0.725467, 0.680777], [0.959487, 0.252032, 0.125957], [-0.262955, 0.640451, 0.721579]]], "btipPosition": [-14.946593, 128.69577, 102.880135], "carpPosition": [-107.11232, 111.655273, 105.496841], "dipPosition": [-17.943304, 135.994522, 111.103447], "direction": [0.808484, -0.335163, -0.483756], "extended": false, "handId": 96, "id": 964, "length": 43.276844, "mcpPosition": [-59.787529, 132.309525, 113.835083], "pipPosition": [-31.479866, 141.606201, 119.203049], "timeVisible": 5.866087, "tipPosition": [-14.946593, 128.69577, 102.880135], "type": 4, "width": 14.380285}], "timestamp": 36689106583, "label": 12}, {"currentFrameRate": 110.705727, "devices": [], "hands": [{"armBasis": [[0.674084, 0.288125, 0.680144], [-0.585526, 0.76976, 0.254221], [-0.4503, -0.569608, 0.687587]], "armWidth": 57.190575, "confidence": 0.74975, "direction": [0.779739, 0.475441, -0.407385], "elbow": [-230.026794, -14.493843, 174.280365], "grabAngle": 2.368303, "grabStrength": 0.987335, "id": 96, "palmNormal": [0.442563, -0.878787, -0.178525], "palmPosition": [-71.408951, 154.124695, -30.816629], "palmVelocity": [401.940613, 72.447983, -180.884537], "palmWidth": 82.075874, "pinchDistance": 38.031101, "pinchStrength": 0.616343, "timeVisible": 6.263526, "type": "right", "wrist": [-120.356812, 124.233368, 6.819404]}], "id": 170780, "pointables": [{"bases": [[[-0.065473, 0.89532, 0.440586], [-0.858654, 0.174388, -0.481977], [-0.508356, -0.409867, 0.757352]], [[-0.025752, 0.935266, 0.353006], [-0.969065, 0.063351, -0.238538], [-0.24546, -0.348229, 0.904702]], [[-0.023884, 0.936414, 0.350082], [-0.678299, 0.242067, -0.693768], [-0.734397, -0.254031, 0.629388]], [[-0.018543, 0.937091, 0.348592], [0.151741, 0.347251, -0.925414], [-0.988246, 0.035736, -0.148635]]], "btipPosition": [-67.646133, 146.422592, -82.683762], "carpPosition": [-115.134529, 124.494865, -27.479132], "dipPosition": [-82.976395, 146.976944, -84.989471], "direction": [0.734397, 0.254031, -0.629388], "extended": true, "handId": 96, "id": 960, "length": 44.883911, "mcpPosition": [-115.134529, 124.494865, -27.479132], "pipPosition": [-104.546616, 139.515732, -66.503525], "timeVisible": 6.263526, "tipPosition": [-67.646133, 146.422592, -82.683762], "type": 0, "width": 18.134943}, {"bases": [[[0.567515, 0.120335, 0.814522], [-0.334672, 0.937567, 0.094669], [-0.752277, -0.326324, 0.572356]], [[0.504157, 0.109918, 0.856588], [-0.003062, 0.992088, -0.125503], [-0.863606, 0.060651, 0.500505]], [[0.508795, 0.105404, 0.854411], [0.836241, 0.175268, -0.519597], [-0.204519, 0.978862, 0.001032]], [[0.508521, 0.10371, 0.854781], [0.708521, -0.614511, -0.34695], [0.48929, 0.782062, -0.385972]]], "btipPosition": [-35.204987, 134.910187, -73.470161], "carpPosition": [-115.733795, 144.716583, -21.353767], "dipPosition": [-29.670347, 143.756546, -77.836121], "direction": [0.204519, -0.978862, -0.001032], "extended": false, "handId": 96, "id": 961, "length": 50.587475, "mcpPosition": [-65.811089, 166.372131, -59.336548], "pipPosition": [-33.927708, 164.13298, -77.814636], "timeVisible": 6.263526, "tipPosition": [-35.204987, 134.910187, -73.470161], "type": 1, "width": 17.322498}, {"bases": [[[0.509345, -0.086466, 0.856208], [-0.250344, 0.937022, 0.243553], [-0.823344, -0.338399, 0.455621]], [[0.453462, -0.098285, 0.88584], [0.023168, 0.994865, 0.098522], [-0.890975, -0.024153, 0.45341]], [[0.454062, -0.098831, 0.885472], [0.878446, 0.215708, -0.426383], [-0.148863, 0.971444, 0.184763]], [[0.453898, -0.099388, 0.885493], [0.613614, -0.685716, -0.391499], [0.646107, 0.721051, -0.25026]]], "btipPosition": [-24.574873, 136.533936, -61.644424], "carpPosition": [-108.766853, 147.04689, -12.843014], "dipPosition": [-16.523678, 145.519012, -64.762932], "direction": [0.148863, -0.971444, -0.184763], "extended": false, "handId": 96, "id": 962, "length": 57.62146, "mcpPosition": [-56.951359, 168.343353, -41.516563], "pipPosition": [-20.174036, 169.340332, -60.232262], "timeVisible": 6.263526, "tipPosition": [-24.574873, 136.533936, -61.644424], "type": 2, "width": 17.012995}, {"bases": [[[0.400044, -0.205711, 0.893111], [-0.239433, 0.917185, 0.318503], [-0.884668, -0.341255, 0.31766]], [[0.430596, -0.196905, 0.880804], [-0.073412, 0.965037, 0.251624], [-0.899554, -0.17301, 0.401086]], [[0.419679, -0.190834, 0.887385], [0.837457, 0.458448, -0.297475], [-0.350052, 0.867991, 0.352216]], [[0.420663, -0.179863, 0.889208], [0.753517, -0.476572, -0.452869], [0.505227, 0.860539, -0.064946]]], "btipPosition": [-15.632371, 140.558395, -45.032532], "carpPosition": [-102.092484, 146.006287, -4.161271], "dipPosition": [-9.378376, 151.210663, -45.836475], "direction": [0.350052, -0.86799, -0.352216], "extended": false, "handId": 96, "id": 963, "length": 55.327122, "mcpPosition": [-52.105869, 165.28833, -22.110119], "pipPosition": [-17.722666, 171.901199, -37.440605], "timeVisible": 6.263526, "tipPosition": [-15.632371, 140.558395, -45.032532], "type": 3, "width": 16.188944}, {"bases": [[[0.32899, -0.392524, 0.858889], [-0.251508, 0.840247, 0.480342], [-0.910225, -0.374045, 0.17771]], [[0.362007, -0.381461, 0.850552], [-0.096328, 0.892245, 0.441158], [-0.927185, -0.241634, 0.286253]], [[0.349474, -0.378032, 0.857298], [0.750628, 0.660561, -0.014711], [-0.560736, 0.648653, 0.51461]], [[0.347603, -0.373329, 0.860115], [0.935847, 0.194868, -0.293627], [-0.05799, 0.907002, 0.417116]]], "btipPosition": [-10.597736, 145.024429, -26.210402], "carpPosition": [-96.174438, 139.271667, 5.026521], "dipPosition": [-11.255407, 155.310883, -21.479826], "direction": [0.560736, -0.648653, -0.51461], "extended": false, "handId": 96, "id": 964, "length": 43.089962, "mcpPosition": [-48.565582, 158.835922, -4.268512], "pipPosition": [-20.602434, 166.123413, -12.90168], "timeVisible": 6.263526, "tipPosition": [-10.597736, 145.024429, -26.210402], "type": 4, "width": 14.380285}], "timestamp": 36689504022, "label": 12}, {"currentFrameRate": 110.673248, "devices": [], "hands": [{"armBasis": [[0.599349, -0.087161, 0.795728], [-0.342365, 0.870637, 0.353239], [-0.723579, -0.484143, 0.491975]], "armWidth": 57.190575, "confidence": 0.598183, "direction": [0.922658, 0.329138, -0.200924], "elbow": [-206.299225, -7.443605, 188.958572], "grabAngle": 2.524043, "grabStrength": 1.0, "id": 96, "palmNormal": [0.251088, -0.90823, -0.334774], "palmPosition": [30.179335, 132.812912, 44.838161], "palmVelocity": [-115.44986, -0.201359, 347.30954], "palmWidth": 82.075874, "pinchDistance": 32.985771, "pinchStrength": 0.687907, "timeVisible": 6.670287, "type": "right", "wrist": [-30.072622, 110.468788, 69.13884]}], "id": 170825, "pointables": [{"bases": [[[0.073231, 0.772578, 0.630682], [-0.707912, 0.485707, -0.512786], [-0.702494, -0.408916, 0.582486]], [[0.240667, 0.870596, 0.429117], [-0.846694, 0.404462, -0.345715], [-0.47454, -0.280129, 0.83447]], [[0.254843, 0.872667, 0.416542], [-0.31474, 0.482166, -0.817591], [-0.914327, 0.077255, 0.39754]], [[0.280074, 0.864131, 0.418133], [0.631967, 0.161901, -0.757896], [-0.722618, 0.476513, -0.500758]]], "btipPosition": [39.503952, 117.898354, -3.37044], "carpPosition": [-19.09746, 115.483971, 36.55751], "dipPosition": [28.275515, 125.302681, -11.151498], "direction": [0.914327, -0.077255, -0.39754], "extended": false, "handId": 96, "id": 960, "length": 44.949341, "mcpPosition": [-19.09746, 115.483971, 36.55751], "pipPosition": [1.384443, 127.574806, 0.540464], "timeVisible": 6.670287, "tipPosition": [39.503952, 117.898354, -3.37044], "type": 0, "width": 18.134943}, {"bases": [[[0.443433, -0.199501, 0.873823], [-0.120675, 0.952749, 0.278759], [-0.888147, -0.22906, 0.398406]], [[0.447401, -0.199179, 0.871872], [0.168333, 0.976214, 0.136635], [-0.878349, 0.085634, 0.470288]], [[0.435379, -0.187237, 0.880561], [0.885813, 0.263553, -0.381935], [-0.160562, 0.946299, 0.280603]], [[0.438734, -0.171953, 0.882012], [0.710687, -0.534284, -0.457674], [0.549943, 0.827631, -0.112204]]], "btipPosition": [72.374039, 116.486938, -0.998429], "carpPosition": [-16.030972, 133.414093, 47.312489], "dipPosition": [78.578491, 125.824265, -2.264311], "direction": [0.160562, -0.946299, -0.280603], "extended": false, "handId": 96, "id": 961, "length": 50.44281, "mcpPosition": [42.908314, 148.614975, 20.873413], "pipPosition": [75.24646, 145.462173, 3.558847], "timeVisible": 6.670287, "tipPosition": [72.374039, 116.486938, -0.998429], "type": 1, "width": 17.322498}, {"bases": [[[0.333396, -0.388091, 0.859204], [-0.06344, 0.900045, 0.431155], [-0.94065, -0.198253, 0.275451]], [[0.259083, -0.395941, 0.880969], [0.10911, 0.918272, 0.380619], [-0.959672, -0.002489, 0.28111]], [[0.252716, -0.389351, 0.885743], [0.964793, 0.032462, -0.261001], [0.072868, 0.920517, 0.383846]], [[0.258932, -0.382428, 0.886963], [0.131342, -0.895811, -0.424586], [0.956924, 0.226434, -0.181725]]], "btipPosition": [74.90345, 119.328766, 20.635359], "carpPosition": [-10.166441, 132.228317, 56.750443], "dipPosition": [86.880577, 122.162872, 18.36084], "direction": [-0.072868, -0.920517, -0.383846], "extended": false, "handId": 96, "id": 962, "length": 57.770275, "mcpPosition": [49.031441, 144.704987, 39.415497], "pipPosition": [88.673141, 144.807816, 27.803547], "timeVisible": 6.670287, "tipPosition": [74.9034