[[{"currentFrameRate": 115.344719, "devices": [], "hands": [{"armBasis": [[-0.461661, 0.605447, 0.648308], [-0.801156, 0.029169, -0.597744], [-0.380812, -0.795351, 0.471592]], "armWidth": 59.084679, "confidence": 0.786945, "direction": [0.073071, 0.81781, -0.57083], "elbow": [-239.5513, -27.674881, 243.02626], "grabAngle": 1.983146, "grabStrength": 0.0, "id": 21, "palmNormal": [0.865202, 0.232711, 0.444151], "palmPosition": [-129.194687, 225.475266, 83.015083], "palmVelocity": [-26.559374, 13.790412, -13.361594], "palmWidth": 84.202858, "pinchDistance": 87.956039, "pinchStrength": 1.0, "timeVisible": 14.109448, "type": "right", "wrist": [-144.401474, 171.051605, 125.194313]}], "id": 27386, "pointables": [{"bases": [[[-0.476759, 0.656178, 0.58492], [-0.832589, -0.123654, -0.539912], [-0.281951, -0.744406, 0.60528]], [[-0.469117, 0.702731, 0.534882], [-0.880731, -0.416933, -0.224675], [0.065124, -0.576486, 0.814507]], [[-0.468901, 0.70035, 0.538184], [-0.882291, -0.399797, -0.248444], [0.041167, -0.591331, 0.805378]], [[-0.468726, 0.699047, 0.540027], [-0.876077, -0.446135, -0.1829], [0.113069, -0.558836, 0.821534]]], "btipPosition": [-122.773163, 271.516357, -3.274192], "carpPosition": [-137.353409, 180.254166, 95.003616], "dipPosition": [-121.48336, 265.141602, 6.097219], "direction": [-0.041167, 0.591331, -0.805378], "extended": true, "handId": 21, "id": 211, "length": 51.309799, "mcpPosition": [-118.157669, 230.934738, 53.795044], "pipPosition": [-120.618477, 252.718124, 23.017683], "timeVisible": 14.109448, "tipPosition": [-122.773163, 271.516357, -3.274192], "type": 1, "width": 17.951391}, {"bases": [[[-0.959219, 0.163235, -0.230766], [-0.016213, -0.846828, -0.53162], [-0.282198, -0.506199, 0.81494]], [[-0.613103, 0.491143, -0.618776], [0.12488, -0.713157, -0.689791], [-0.78007, -0.500186, 0.375905]], [[-0.651054, 0.449339, -0.611738], [0.59891, -0.191008, -0.777703], [-0.466299, -0.872703, -0.144757]], [[-0.660537, 0.387717, -0.642936], [0.717348, 0.578657, -0.388031], [0.221593, -0.717518, -0.660352]]], "btipPosition": [-73.568787, 236.443817, 99.987465], "carpPosition": [-119.238991, 175.761154, 101.775085], "dipPosition": [-69.993217, 224.866135, 89.332191], "direction": [0.466299, 0.872703, 0.144757], "extended": false, "handId": 21, "id": 210, "length": 46.688347, "mcpPosition": [-119.238991, 175.761154, 101.775085], "pipPosition": [-84.239876, 198.202789, 84.909492], "timeVisible": 14.109448, "tipPosition": [-73.568787, 236.443817, 99.987465], "type": 0, "width": 18.793331}, {"bases": [[[-0.3615, 0.560974, 0.744732], [-0.907193, -0.027252, -0.419832], [-0.215219, -0.827385, 0.518763]], [[-0.352748, 0.569855, 0.742182], [-0.138735, 0.752551, -0.643755], [-0.925376, -0.33005, -0.186402]], [[-0.353814, 0.569818, 0.741703], [0.528936, 0.775913, -0.343782], [-0.77139, 0.270679, -0.575926]], [[-0.354427, 0.5704, 0.740963], [0.899875, 0.423452, 0.104463], [-0.254177, 0.703798, -0.663372]]], "btipPosition": [-68.575386, 240.097702, 96.606644], "carpPosition": [-144.525284, 188.417801, 99.206276], "dipPosition": [-71.822212, 249.087936, 88.132812], "direction": [0.77139, -0.270679, 0.575926], "extended": false, "handId": 21, "id": 212, "length": 59.212811, "mcpPosition": [-130.629898, 241.836929, 65.712914], "pipPosition": [-91.217888, 255.893829, 73.65184], "timeVisible": 14.109448, "tipPosition": [-68.575386, 240.097702, 96.606644], "type": 2, "width": 17.630651}, {"bases": [[[-0.319807, 0.433551, 0.842471], [-0.9371, -0.013465, -0.3488], [-0.139879, -0.901028, 0.410587]], [[-0.31234, 0.44283, 0.840444], [-0.280717, 0.802172, -0.52699], [-0.907547, -0.400527, -0.126241]], [[-0.306695, 0.44241, 0.84274], [0.666651, 0.731804, -0.141561], [-0.679349, 0.518398, -0.519374]], [[-0.305101, 0.438794, 0.845206], [0.950626, 0.087411, 0.297775], [0.056781, 0.894326, -0.443798]]], "btipPosition": [-87.175476, 239.672867, 107.050858], "carpPosition": [-147.38887, 195.822891, 107.307121], "dipPosition": [-86.446693, 251.151474, 101.354744], "direction": [0.679349, -0.518398, 0.519374], "extended": false, "handId": 21, "id": 213, "length": 57.405159, "mcpPosition": [-139.280426, 248.053299, 83.506409], "pipPosition": [-103.2341, 263.961609, 88.520485], "timeVisible": 14.109448, "tipPosition": [-87.175476, 239.672867, 107.050858], "type": 3, "width": 16.776682}, {"bases": [[[-0.174586, 0.322578, 0.930303], [-0.984086, -0.025418, -0.175865], [-0.033083, -0.946202, 0.321882]], [[-0.19535, 0.214453, 0.957], [-0.92427, 0.286061, -0.252772], [-0.327968, -0.933905, 0.14233]], [[-0.173546, 0.236355, 0.956043], [-0.301854, 0.911283, -0.280084], [-0.937425, -0.337193, -0.086805]], [[-0.137021, 0.22269, 0.965212], [0.883688, 0.467748, 0.017531], [-0.447572, 0.855348, -0.26088]]], "btipPosition": [-112.683075, 276.952423, 102.153183], "carpPosition": [-146.472717, 201.121902, 119.275551], "dipPosition": [-118.02581, 287.162842, 99.039017], "direction": [0.937425, 0.337193, 0.086805], "extended": false, "handId": 21, "id": 214, "length": 45.113449, "mcpPosition": [-144.697464, 251.895035, 102.003372], "pipPosition": [-134.377731, 281.281036, 97.524841], "timeVisible": 14.109448, "tipPosition": [-112.683075, 276.952423, 102.153183], "type": 4, "width": 14.902361}], "timestamp": 25075580816, "label": 14}, {"currentFrameRate": 115.6241, "devices": [], "hands": [{"armBasis": [[-0.454269, 0.601622, 0.657032], [-0.8063, 0.035974, -0.590412], [-0.378841, -0.797971, 0.468745]], "armWidth": 59.084679, "confidence": 0.774197, "direction": [0.068135, 0.817811, -0.57144], "elbow": [-240.323212, -27.218067, 242.514572], "grabAngle": 1.96618, "grabStrength": 0.0, "id": 21, "palmNormal": [0.870989, 0.230574, 0.433836], "palmPosition": [-130.818375, 226.603119, 83.119713], "palmVelocity": [-11.183457, 9.234672, 7.08723], "palmWidth": 84.202858, "pinchDistance": 88.275856, "pinchStrength": 1.0, "timeVisible": 14.187788, "type": "right", "wrist": [-145.665985, 172.162979, 125.393784]}], "id": 27395, "pointables": [{"bases": [[[-0.468207, 0.657104, 0.590759], [-0.839271, -0.121563, -0.52995], [-0.276417, -0.743933, 0.608405]], [[-0.461996, 0.700512, 0.543914], [-0.882523, -0.42385, -0.203728], [0.087824, -0.574138, 0.814035]], [[-0.461666, 0.698017, 0.54739], [-0.884597, -0.408174, -0.225572], [0.065977, -0.588358, 0.805904]], [[-0.461657, 0.697945, 0.54749], [-0.883677, -0.41569, -0.215214], [0.077379, -0.583159, 0.808664]]], "btipPosition": [-125.667717, 272.709564, -3.062069], "carpPosition": [-138.9048, 181.394455, 95.21759], "dipPosition": [-124.786392, 266.067566, 6.148354], "direction": [-0.065977, 0.588358, -0.805904], "extended": true, "handId": 21, "id": 211, "length": 51.252193, "mcpPosition": [-120.085777, 232.042847, 53.796249], "pipPosition": [-123.402023, 253.722366, 23.058201], "timeVisible": 14.187788, "tipPosition": [-125.667717, 272.709564, -3.062069], "type": 1, "width": 17.951391}, {"bases": [[[-0.961529, 0.165525, -0.219233], [-0.024533, -0.846628, -0.53162], [-0.273605, -0.505789, 0.818118]], [[-0.614305, 0.490864, -0.617804], [0.105377, -0.724906, -0.68074], [-0.782001, -0.483284, 0.393587]], [[-0.65057, 0.451838, -0.610411], [0.592678, -0.2005, -0.780085], [-0.474859, -0.869277, -0.137355]], [[-0.659947, 0.393814, -0.639828], [0.718681, 0.579153, -0.384811], [0.219014, -0.713787, -0.665237]]], "btipPosition": [-74.749283, 236.670288, 99.006912], "carpPosition": [-120.807579, 176.912888, 101.735031], "dipPosition": [-71.215401, 225.153061, 88.273056], "direction": [0.474859, 0.869277, 0.137355], "extended": false, "handId": 21, "id": 210, "length": 46.686703, "mcpPosition": [-120.807579, 176.912888, 101.735031], "pipPosition": [-85.722977, 198.595505, 84.076668], "timeVisible": 14.187788, "tipPosition": [-74.749283, 236.670288, 99.006912], "type": 0, "width": 18.793331}, {"bases": [[[-0.351266, 0.561585, 0.749155], [-0.912209, -0.025026, -0.40896], [-0.210918, -0.82704, 0.521074]], [[-0.342967, 0.569951, 0.746679], [-0.137443, 0.755888, -0.640111], [-0.929238, -0.322162, -0.180909]], [[-0.342197, 0.569977, 0.747012], [0.517636, 0.777847, -0.356381], [-0.78419, 0.264728, -0.561218]], [[-0.341818, 0.569653, 0.747433], [0.883452, 0.465964, 0.04889], [-0.320427, 0.677033, -0.662536]]], "btipPosition": [-69.174927, 241.394638, 96.037346], "carpPosition": [-146.079163, 189.564606, 99.459503], "dipPosition": [-73.257248, 250.020218, 87.596458], "direction": [0.78419, -0.264728, 0.561218], "extended": false, "handId": 21, "id": 212, "length": 59.10384, "mcpPosition": [-132.461487, 242.961502, 65.816956], "pipPosition": [-92.938042, 256.664093, 73.511589], "timeVisible": 14.187788, "tipPosition": [-69.174927, 241.394638, 96.037346], "type": 2, "width": 17.630651}, {"bases": [[[-0.308704, 0.434037, 0.846354], [-0.941233, -0.01119, -0.337572], [-0.137048, -0.900826, 0.411984]], [[-0.302244, 0.442815, 0.844135], [-0.374218, 0.759338, -0.532322], [-0.876704, -0.476781, -0.063796]], [[-0.29399, 0.442925, 0.846987], [0.604832, 0.77237, -0.193967], [-0.7401, 0.45526, -0.494964]], [[-0.291141, 0.437369, 0.85085], [0.955483, 0.088463, 0.281471], [0.047838, 0.89492, -0.443654]]], "btipPosition": [-88.32914, 245.354568, 104.221184], "carpPosition": [-148.781158, 196.955307, 107.62915], "dipPosition": [-87.714386, 256.85495, 98.519905], "direction": [0.740101, -0.45526, 0.494964], "extended": false, "handId": 21, "id": 213, "length": 57.436779, "mcpPosition": [-140.836853, 249.173965, 83.747437], "pipPosition": [-106.01413, 268.111725, 86.28141], "timeVisible": 14.187788, "tipPosition": [-88.32914, 245.354568, 104.221184], "type": 3, "width": 16.776682}, {"bases": [[[-0.1627, 0.322701, 0.932412], [-0.986175, -0.023087, -0.164091], [-0.031425, -0.946219, 0.321996]], [[-0.181204, 0.226401, 0.957031], [-0.926682, 0.286522, -0.243239], [-0.32928, -0.930939, 0.157883]], [[-0.159339, 0.247438, 0.955712], [-0.267028, 0.921192, -0.28302], [-0.950425, -0.300298, -0.080709]], [[-0.125069, 0.233454, 0.964291], [0.894351, 0.447299, 0.007707], [-0.429527, 0.863379, -0.264733]]], "btipPosition": [-113.962303, 277.278503, 101.907829], "carpPosition": [-147.71846, 202.27887, 119.5858], "dipPosition": [-119.088715, 287.582947, 98.748238], "direction": [0.950425, 0.300298, 0.080709], "extended": false, "handId": 21, "id": 214, "length": 45.114868, "mcpPosition": [-146.032166, 253.052948, 102.307495], "pipPosition": [-135.671967, 282.343262, 97.340004], "timeVisible": 14.187788, "tipPosition": [-113.962303, 277.278503, 101.907829], "type": 4, "width": 14.902361}], "timestamp": 25075659156, "label": 14}, {"currentFrameRate": 115.408882, "devices": [], "hands": [{"armBasis": [[-0.450587, 0.58791, 0.671813], [-0.813531, 0.039472, -0.58018], [-0.367612, -0.807963, 0.460497]], "armWidth": 59.084679, "confidence": 0.760664, "direction": [0.073067, 0.818041, -0.5705], "elbow": [-236.722946, -30.594656, 240.287796], "grabAngle": 1.967443, "grabStrength": 0.0, "id": 21, "palmNormal": [0.877203, 0.219456, 0.427028], "palmPosition": [-129.906082, 225.74498, 83.043053], "palmVelocity": [15.713671, -18.342373, 0.946408], "palmWidth": 84.202858, "pinchDistance": 88.13118, "pinchStrength": 1.0, "timeVisible": 14.300558, "type": "right", "wrist": [-144.871475, 171.283005, 125.227852]}], "id": 27408, "pointables": [{"bases": [[[-0.455522, 0.661449, 0.595806], [-0.844994, -0.110644, -0.523204], [-0.28015, -0.741783, 0.609322]], [[-0.448905, 0.707705, 0.545562], [-0.888786, -0.416777, -0.190676], [0.092435, -0.570483, 0.816091]], [[-0.448543, 0.705138, 0.549172], [-0.890976, -0.401248, -0.212513], [0.070503, -0.58462, 0.808238]], [[-0.448534, 0.705066, 0.549272], [-0.890291, -0.406602, -0.205079], [0.078741, -0.580997, 0.810088]]], "btipPosition": [-125.217926, 271.555084, -3.377474], "carpPosition": [-138.422836, 180.615372, 95.12442], "dipPosition": [-124.320824, 264.93576, 5.851899], "direction": [-0.070503, 0.58462, -0.808238], "extended": true, "handId": 21, "id": 211, "length": 51.2677, "mcpPosition": [-119.349663, 231.117386, 53.640648], "pipPosition": [-122.841026, 252.665039, 22.816174], "timeVisible": 14.300558, "tipPosition": [-125.217926, 271.555084, -3.377474], "type": 1, "width": 17.951391}, {"bases": [[[-0.961285, 0.177272, -0.210965], [-0.038917, -0.845262, -0.532933], [-0.272795, -0.50409, 0.819436]], [[-0.6216, 0.500747, -0.602384], [0.103136, -0.709987, -0.696621], [-0.776516, -0.495147, 0.389683]], [[-0.659881, 0.459339, -0.594613], [0.576572, -0.197881, -0.792722], [-0.481791, -0.865939, -0.134264]], [[-0.671178, 0.397639, -0.625622], [0.716299, 0.565203, -0.409221], [0.190881, -0.722793, -0.66418]]], "btipPosition": [-73.83239, 236.164139, 98.806221], "carpPosition": [-120.305435, 175.841034, 101.472778], "dipPosition": [-70.753242, 224.504593, 88.092178], "direction": [0.481791, 0.865939, 0.134264], "extended": false, "handId": 21, "id": 210, "length": 46.676674, "mcpPosition": [-120.305435, 175.841034, 101.472778], "pipPosition": [-85.469757, 198.054108, 83.991013], "timeVisible": 14.300558, "tipPosition": [-73.83239, 236.164139, 98.806221], "type": 0, "width": 18.793331}, {"bases": [[[-0.338413, 0.564256, 0.753055], [-0.915787, -0.013484, -0.401439], [-0.21636, -0.82549, 0.521301]], [[-0.329107, 0.573397, 0.75027], [-0.128334, 0.76, -0.637127], [-0.935532, -0.305968, -0.176535]], [[-0.328494, 0.573406, 0.750531], [0.531048, 0.76926, -0.355285], [-0.781076, 0.281859, -0.557203]], [[-0.328181, 0.573133, 0.750877], [0.888374, 0.457452, 0.039109], [-0.321075, 0.679894, -0.659283]]], "btipPosition": [-68.006088, 239.437485, 95.672195], "carpPosition": [-145.460571, 188.859512, 99.439285], "dipPosition": [-72.095634, 248.097321, 87.274887], "direction": [0.781076, -0.281859, 0.557203], "extended": false, "handId": 21, "id": 212, "length": 59.10133, "mcpPosition": [-131.491531, 242.156311, 65.782074], "pipPosition": [-91.697762, 255.170944, 73.291153], "timeVisible": 14.300558, "tipPosition": [-68.006088, 239.437485, 95.672195], "type": 2, "width": 17.630651}, {"bases": [[[-0.296558, 0.436028, 0.849666], [-0.944055, 0.000556, -0.329788], [-0.144269, -0.899933, 0.41147]], [[-0.288382, 0.446728, 0.846918], [-0.354707, 0.771726, -0.527846], [-0.889392, -0.452629, -0.064094]], [[-0.281767, 0.446648, 0.849184], [0.620458, 0.759912, -0.193819], [-0.731874, 0.472271, -0.491244]], [[-0.279536, 0.442287, 0.852198], [0.959528, 0.097126, 0.264334], [0.034141, 0.891599, -0.451537]]], "btipPosition": [-86.658653, 243.287445, 104.2864], "carpPosition": [-147.999451, 196.27153, 107.648483], "dipPosition": [-86.220085, 254.740631, 98.486099], "direction": [0.731874, -0.472271, 0.491244], "extended": false, "handId": 21, "id": 213, "length": 57.424854, "mcpPosition": [-139.636505, 248.438416, 83.796585], "pipPosition": [-104.312492, 266.415497, 86.342216], "timeVisible": 14.300558, "tipPosition": [-86.658653, 243.287445, 104.2864], "type": 3, "width": 16.776682}, {"bases": [[[-0.151174, 0.322815, 0.934311], [-0.9877, -0.011142, -0.155963], [-0.039937, -0.946397, 0.320528]], [[-0.170603, 0.238345, 0.956079], [-0.906268, 0.342889, -0.247195], [-0.386747, -0.908636, 0.157506]], [[-0.146436, 0.258639, 0.95481], [-0.197396, 0.938163, -0.284403], [-0.969325, -0.230123, -0.086327]], [[-0.112381, 0.242206, 0.963694], [0.916125, 0.400846, 0.006089], [-0.384818, 0.883549, -0.266939]]], "btipPosition": [-111.002724, 274.443665, 102.129906], "carpPosition": [-146.835037, 201.578354, 119.596153], "dipPosition": [-115.594688, 284.986908, 98.944572], "direction": [0.969325, 0.230123, 0.086327], "extended": false, "handId": 21, "id": 214, "length": 45.131325, "mcpPosition": [-144.692001, 252.361954, 102.396614], "pipPosition": [-132.515503, 280.969818, 97.43763], "timeVisible": 14.300558, "tipPosition": [-111.002724, 274.443665, 102.129906], "type": 4, "width": 14.902361}], "timestamp": 25075771926, "label": 14}, {"currentFrameRate": 115.507446, "devices": [], "hands": [{"armBasis": [[-0.434117, 0.596584, 0.675003], [-0.818101, 0.052627, -0.572661], [-0.377164, -0.800823, 0.46522]], "armWidth": 59.084679, "confidence": 0.775071, "direction": [0.064982, 0.82554, -0.560589], "elbow": [-237.538895, -30.980288, 241.834732], "grabAngle": 2.069128, "grabStrength": 0.0, "id": 21, "palmNormal": [0.882168, 0.21506, 0.418962], "palmPosition": [-128.757111, 224.023346, 83.824677], "palmVelocity": [-1.02494, 4.987012, 14.113214], "palmWidth": 84.202858, "pinchDistance": 87.486542, "pinchStrength": 1.0, "timeVisible": 14.412909, "type": "right", "wrist": [-143.300751, 169.11348, 125.594772]}], "id": 27421, "pointables": [{"bases": [[[-0.448899, 0.652962, 0.610026], [-0.851288, -0.104953, -0.514095], [-0.27166, -0.750084, 0.602972]], [[-0.442353, 0.700096, 0.560526], [-0.892739, -0.403439, -0.200632], [0.085676, -0.589154, 0.803466]], [[-0.442049, 0.69772, 0.563719], [-0.894523, -0.389483, -0.219388], [0.066487, -0.601241, 0.796297]], [[-0.442062, 0.697845, 0.563555], [-0.895099, -0.383912, -0.226736], [0.058129, -0.604669, 0.794353]]], "btipPosition": [-123.930481, 271.62323, -1.896961], "carpPosition": [-137.122635, 178.719208, 95.36676], "dipPosition": [-123.266548, 264.716858, 7.175939], "direction": [-0.066487, 0.601241, -0.796297], "extended": true, "handId": 21, "id": 211, "length": 51.368828, "mcpPosition": [-118.627502, 229.786331, 54.315315], "pipPosition": [-121.867889, 252.068909, 23.927183], "timeVisible": 14.412909, "tipPosition": [-123.930481, 271.62323, -1.896961], "type": 1, "width": 17.951391}, {"bases": [[[-0.964045, 0.178688, -0.196692], [-0.044497, -0.838265, -0.543444], [-0.261987, -0.515152, 0.816077]], [[-0.643277, 0.509805, -0.571221], [0.116071, -0.672517, -0.730923], [-0.756784, -0.536488, 0.373441]], [[-0.684788, 0.461826, -0.563721], [0.562918, -0.156043, -0.811649], [-0.462805, -0.873136, -0.153114]], [[-0.696944, 0.393309, -0.599648], [0.693761, 0.581493, -0.424926], [0.181563, -0.712162, -0.67813]]], "btipPosition": [-73.683136, 236.096146, 100.343033], "carpPosition": [-118.842667, 173.868393, 101.480286], "dipPosition": [-70.754242, 224.607895, 89.403763], "direction": [0.462805, 0.873137, 0.153114], "extended": false, "handId": 21, "id": 210, "length": 46.677933, "mcpPosition": [-118.842667, 173.868393, 101.480286], "pipPosition": [-84.891289, 197.936707, 84.726692], "timeVisible": 14.412909, "tipPosition": [-73.683136, 236.096146, 100.343033], "type": 0, "width": 18.793331}, {"bases": [[[-0.329729, 0.55388, 0.764523], [-0.920681, -0.009494, -0.390199], [-0.208865, -0.832542, 0.513077]], [[-0.320785, 0.562619, 0.761943], [-0.118614, 0.774261, -0.621652], [-0.939695, -0.289794, -0.181637]], [[-0.321268, 0.562636, 0.761727], [0.587681, 0.749194, -0.305517], [-0.742576, 0.349499, -0.571342]], [[-0.321491, 0.5629, 0.761438], [0.928434, 0.34547, 0.136607], [-0.186158, 0.750862, -0.633681]]], "btipPosition": [-69.326141, 234.623688, 97.089859], "carpPosition": [-143.990097, 186.92543, 99.961777], "dipPosition": [-71.708946, 244.23465, 88.978806], "direction": [0.742576, -0.349499, 0.571342], "extended": false, "handId": 21, "id": 212, "length": 59.324303, "mcpPosition": [-130.504959, 240.677582, 66.835526], "pipPosition": [-90.417786, 253.040115, 74.584114], "timeVisible": 14.412909, "tipPosition": [-69.326141, 234.623688, 97.089859], "type": 2, "width": 17.630651}, {"bases": [[[-0.286522, 0.424457, 0.858919], [-0.948075, 0.003568, -0.318026], [-0.138052, -0.905441, 0.401395]], [[-0.277085, 0.435013, 0.856731], [-0.192983, 0.848278, -0.493135], [-0.941266, -0.301975, -0.151095]], [[-0.274296, 0.434425, 0.857926], [0.75661, 0.648147, -0.086296], [-0.593551, 0.625445, -0.506474]], [[-0.27375, 0.432743, 0.85895], [0.956809, 0.031656, 0.288989], [0.097867, 0.900961, -0.422718]]], "btipPosition": [-87.624954, 231.722076, 108.954788], "carpPosition": [-146.492249, 194.258865, 108.259514], "dipPosition": [-86.368774, 243.286453, 103.528946], "direction": [0.593551, -0.625445, 0.506474], "extended": false, "handId": 21, "id": 213, "length": 57.457985, "mcpPosition": [-138.489685, 246.745071, 84.991653], "pipPosition": [-101.049896, 258.756439, 91.001617], "timeVisible": 14.412909, "tipPosition": [-87.624954, 231.722076, 108.954788], "type": 3, "width": 16.776682}, {"bases": [[[-0.139959, 0.310346, 0.940264], [-0.989545, -0.010465, -0.143841], [-0.0348, -0.950566, 0.308566]], [[-0.164389, 0.211748, 0.9634], [-0.891054, 0.387041, -0.237113], [-0.423084, -0.89742, 0.125054]], [[-0.134748, 0.233834, 0.962894], [-0.121362, 0.960545, -0.250248], [-0.98342, -0.150579, -0.101053]], [[-0.097304, 0.209835, 0.972883], [0.963375, 0.265285, 0.039135], [-0.24988, 0.94106, -0.227963]]], "btipPosition": [-109.837921, 270.078827, 104.240524], "carpPosition": [-145.232895, 199.372559, 120.252419], "dipPosition": [-112.822632, 281.319397, 101.517601], "direction": [0.98342, 0.150579, 0.101053], "extended": false, "handId": 21, "id": 214, "length": 45.203503, "mcpPosition": [-143.365509, 250.379898, 103.694794], "pipPosition": [-130.020721, 278.686066, 99.750381], "timeVisible": 14.412909, "tipPosition": [-109.837921, 270.078827, 104.240524], "type": 4, "width": 14.902361}], "timestamp": 25075884277, "label": 14}, {"currentFrameRate": 115.455971, "devices": [], "hands": [{"armBasis": [[-0.432483, 0.587977, 0.683551], [-0.818953, 0.060984, -0.57061], [-0.377192, -0.806575, 0.455151]], "armWidth": 59.084679, "confidence": 0.78483, "direction": [0.070593, 0.82932, -0.554297], "elbow": [-237.643127, -31.820652, 240.759323], "grabAngle": 2.044784, "grabStrength": 0.0, "id": 21, "palmNormal": [0.884048, 0.205372, 0.419858], "palmPosition": [-128.541946, 224.875702, 85.721764], "palmVelocity": [1.334426, 1.946817, 16.243225], "palmWidth": 84.202858, "pinchDistance": 87.733162, "pinchStrength": 1.0, "timeVisible": 14.508295, "type": "right", "wrist": [-143.397964, 169.710358, 127.035217]}], "id": 27432, "pointables": [{"bases": [[[-0.443622, 0.651531, 0.615391], [-0.852437, -0.094767, -0.51417], [-0.276679, -0.752679, 0.59743]], [[-0.43544, 0.703679, 0.561451], [-0.89788, -0.384404, -0.214579], [0.06483, -0.597552, 0.799205]], [[-0.435235, 0.701454, 0.564387], [-0.899134, -0.370771, -0.232565], [0.046125, -0.60868, 0.792074]], [[-0.43523, 0.701396, 0.564463], [-0.897616, -0.3866, -0.211722], [0.06972, -0.598818, 0.797844]]], "btipPosition": [-122.669136, 273.13382, 0.08682], "carpPosition": [-137.2789, 179.559235, 96.877625], "dipPosition": [-121.870613, 266.275391, 9.224746], "direction": [-0.046125, 0.60868, -0.792074], "extended": true, "handId": 21, "id": 211, "length": 51.482872, "mcpPosition": [-118.442085, 230.803055, 56.203453], "pipPosition": [-120.897881, 253.438797, 25.928963], "timeVisible": 14.508295, "tipPosition": [-122.669136, 273.13382, 0.08682], "type": 1, "width": 17.951391}, {"bases": [[[-0.962863, 0.187249, -0.194507], [-0.051067, -0.833722, -0.549818], [-0.265117, -0.519467, 0.812322]], [[-0.628442, 0.51788, -0.580397], [0.09454, -0.689765, -0.717834], [-0.77209, -0.505988, 0.384517]], [[-0.669017, 0.473171, -0.573171], [0.573346, -0.162176, -0.803103], [-0.472959, -0.865915, -0.162792]], [[-0.680213, 0.409352, -0.608063], [0.705458, 0.590898, -0.391368], [0.199096, -0.695176, -0.690717]]], "btipPosition": [-73.00013, 234.938156, 101.897118], "carpPosition": [-118.895561, 174.532455, 103.024467], "dipPosition": [-69.785309, 223.713089, 90.744049], "direction": [0.472959, 0.865915, 0.162792], "extended": false, "handId": 21, "id": 210, "length": 46.718113, "mcpPosition": [-118.895561, 174.532455, 103.024467], "pipPosition": [-84.244164, 197.24118, 85.767326], "timeVisible": 14.508295, "tipPosition": [-73.00013, 234.938156, 101.897118], "type": 0, "width": 18.793331}, {"bases": [[[-0.32506, 0.550397, 0.769025], [-0.921032, 0.000244, -0.389487], [-0.21456, -0.834903, 0.506854]], [[-0.319147, 0.55617, 0.767346], [-0.124303, 0.778128, -0.615683], [-0.939518, -0.291877, -0.179204]], [[-0.318597, 0.556146, 0.767593], [0.598489, 0.745988, -0.292084], [-0.735056, 0.366339, -0.570516]], [[-0.318306, 0.555775, 0.767981], [0.935458, 0.315424, 0.159454], [-0.15362, 0.76917, -0.620306]]], "btipPosition": [-69.471107, 235.041229, 98.901184], "carpPosition": [-143.995346, 187.776413, 101.611343], "dipPosition": [-71.441483, 244.906845, 90.944946], "direction": [0.735056, -0.366339, 0.570516], "extended": false, "handId": 21, "id": 212, "length": 59.43317, "mcpPosition": [-130.142502, 241.680969, 68.886917], "pipPosition": [-89.994843, 254.153519, 76.544685], "timeVisible": 14.508295, "tipPosition": [-69.471107, 235.041229, 98.901184], "type": 2, "width": 17.630651}, {"bases": [[[-0.282729, 0.41994, 0.862389], [-0.948273, 0.012952, -0.317193], [-0.144372, -0.907459, 0.394556]], [[-0.276551, 0.42658, 0.861132], [-0.156243, 0.864199, -0.478276], [-0.948213, -0.266813, -0.172346]], [[-0.270954, 0.42516, 0.86361], [0.775555, 0.627845, -0.065765], [-0.570174, 0.651958, -0.499852]], [[-0.26991, 0.421702, 0.86563], [0.957726, 0.02463, 0.286627], [0.099551, 0.9064, -0.410523]]], "btipPosition": [-87.590782, 230.529434, 111.546349], "carpPosition": [-146.505859, 195.061737, 109.933838], "dipPosition": [-86.313644, 242.157669, 106.279739], "direction": [0.570174, -0.651958, 0.499852], "extended": false, "handId": 21, "id": 213, "length": 57.449802, "mcpPosition": [-138.136993, 247.664932, 87.062408], "pipPosition": [-100.413376, 258.279816, 93.918991], "timeVisible": 14.508295, "tipPosition": [-87.590782, 230.529434, 111.546349], "type": 3, "width": 16.776682}, {"bases": [[[-0.136944, 0.304138, 0.942734], [-0.989708, -0.002113, -0.143086], [-0.041526, -0.952626, 0.301297]], [[-0.160033, 0.192205, 0.968218], [-0.924232, 0.315306, -0.215355], [-0.346677, -0.929322, 0.127183]], [[-0.136545, 0.213536, 0.967346], [-0.234366, 0.941807, -0.24098], [-0.962511, -0.259617, -0.078553]], [[-0.101662, 0.196668, 0.975185], [0.924136, 0.381571, 0.019388], [-0.368289, 0.903175, -0.220539]]], "btipPosition": [-110.701889, 274.216919, 105.817795], "carpPosition": [-145.086914, 200.044662, 121.988319], "dipPosition": [-115.100616, 285.00415, 103.183746], "direction": [0.962511, 0.259617, 0.078553], "extended": false, "handId": 21, "id": 214, "length": 45.191582, "mcpPosition": [-142.858643, 251.162521, 105.820747], "pipPosition": [-131.927368, 280.465485, 101.810471], "timeVisible": 14.508295, "tipPosition": [-110.701889, 274.216919, 105.817795], "type": 4, "width": 14.902361}], "timestamp": 25075979663, "label": 14}], [{"currentFrameRate": 115.353386, "devices": [], "hands": [{"armBasis": [[-0.443656, 0.616022, 0.650912], [-0.804, 0.047282, -0.592746], [-0.395921, -0.786309, 0.474305]], "armWidth": 59.084679, "confidence": 0.764771, "direction": [0.057479, 0.830677, -0.55378], "elbow": [-240.222397, -31.526865, 244.493988], "grabAngle": 2.2029, "grabStrength": 0.0, "id": 21, "palmNormal": [0.868524, 0.231925, 0.438037], "palmPosition": [-126.877579, 220.222397, 84.629868], "palmVelocity": [5.524233, -14.153201, -4.100828], "palmWidth": 84.202858, "pinchDistance": 89.31987, "pinchStrength": 1.0, "timeVisible": 14.811891, "type": "right", "wrist": [-141.297516, 164.940292, 125.984077]}], "id": 27467, "pointables": [{"bases": [[[-0.475663, 0.638436, 0.605099], [-0.838248, -0.120492, -0.53181], [-0.266617, -0.760185, 0.592481]], [[-0.47246, 0.660067, 0.584032], [-0.879327, -0.397916, -0.261623], [0.059707, -0.637162, 0.768414]], [[-0.472412, 0.658982, 0.585294], [-0.881376, -0.351869, -0.315221], [-0.001778, -0.664779, 0.747038]], [[-0.472373, 0.660073, 0.584095], [-0.880175, -0.31835, -0.352059], [-0.046438, -0.680409, 0.73136]]], "btipPosition": [-117.937874, 271.871674, 2.626438], "carpPosition": [-134.407471, 174.562332, 95.749527], "dipPosition": [-118.46418, 264.160278, 10.915279], "direction": [0.001778, 0.664779, -0.747038], "extended": true, "handId": 21, "id": 211, "length": 51.016518, "mcpPosition": [-116.255676, 226.317154, 55.412281], "pipPosition": [-118.501305, 250.281204, 26.511745], "timeVisible": 14.811891, "tipPosition": [-117.937874, 271.871674, 2.626438], "type": 1, "width": 17.951391}, {"bases": [[[-0.963717, 0.158325, -0.214902], [-0.014646, -0.83525, -0.549676], [-0.266524, -0.526585, 0.807263]], [[-0.580126, 0.503436, -0.640317], [0.088334, -0.7426, -0.663884], [-0.809723, -0.441698, 0.386331]], [[-0.610712, 0.474101, -0.634239], [0.590498, -0.260977, -0.763677], [-0.527582, -0.840904, -0.120573]], [[-0.62134, 0.427026, -0.656951], [0.764997, 0.511942, -0.390762], [0.169456, -0.745362, -0.644764]]], "btipPosition": [-66.845673, 227.929504, 98.864639], "carpPosition": [-116.524864, 170.445602, 102.116112], "dipPosition": [-64.114449, 215.916031, 88.472572], "direction": [0.527582, 0.840904, 0.120573], "extended": false, "handId": 21, "id": 210, "length": 46.637539, "mcpPosition": [-116.524864, 170.445602, 102.116112], "pipPosition": [-80.216194, 190.251724, 84.792686], "timeVisible": 14.811891, "tipPosition": [-66.845673, 227.929504, 98.864639], "type": 0, "width": 18.793331}, {"bases": [[[-0.357394, 0.540986, 0.761317], [-0.912247, -0.027482, -0.408718], [-0.200188, -0.840582, 0.503335]], [[-0.342425, 0.557692, 0.756125], [-0.235007, 0.728356, -0.643638], [-0.909679, -0.398092, -0.118346]], [[-0.347192, 0.557514, 0.75408], [0.581439, 0.758865, -0.293347], [-0.73579, 0.336604, -0.587632]], [[-0.349358, 0.560422, 0.750917], [0.932329, 0.287744, 0.21901], [-0.093334, 0.776615, -0.623023]]], "btipPosition": [-70.134895, 235.43222, 95.605453], "carpPosition": [-141.584824, 182.635727, 100.253906], "dipPosition": [-71.331116, 245.385788, 87.620407], "direction": [0.73579, -0.336604, 0.587632], "extended": false, "handId": 21, "id": 212, "length": 59.347008, "mcpPosition": [-128.659927, 236.906952, 67.756638], "pipPosition": [-89.8871, 253.874649, 72.800827], "timeVisible": 14.811891, "tipPosition": [-70.134895, 235.43222, 95.605453], "type": 2, "width": 17.630651}, {"bases": [[[-0.313165, 0.411913, 0.855719], [-0.941367, -0.015543, -0.337027], [-0.125526, -0.91109, 0.392629]], [[-0.303936, 0.421619, 0.854319], [-0.089715, 0.88009, -0.466254], [-0.948459, -0.218357, -0.229666]], [[-0.283587, 0.414352, 0.864807], [0.835246, 0.549776, 0.010481], [-0.471107, 0.725299, -0.501995]], [[-0.28106, 0.402225, 0.871332], [0.950957, -0.00548, 0.309274], [0.129173, 0.915524, -0.380959]]], "btipPosition": [-89.546204, 221.787079, 112.129387], "carpPosition": [-144.418137, 189.911697, 108.522614], "dipPosition": [-87.894867, 233.491074, 107.259239], "direction": [0.471107, -0.725299, 0.501995], "extended": false, "handId": 21, "id": 213, "length": 57.291435, "mcpPosition": [-137.141724, 242.725372, 85.762863], "pipPosition": [-99.51889, 251.386993, 94.873093], "timeVisible": 14.811891, "tipPosition": [-89.546204, 221.787079, 112.129387], "type": 3, "width": 16.776682}, {"bases": [[[-0.165713, 0.300564, 0.939255], [-0.985982, -0.031717, -0.163808], [-0.019444, -0.953234, 0.301607]], [[-0.19673, 0.186122, 0.96263], [-0.856941, 0.444412, -0.261056], [-0.476392, -0.876274, 0.072067]], [[-0.148452, 0.214848, 0.965299], [0.037509, 0.976636, -0.211603], [-0.988208, 0.004795, -0.153043]], [[-0.101803, 0.169428, 0.980271], [0.994414, 0.044924, 0.095508], [-0.027856, 0.984518, -0.173055]]], "btipPosition": [-109.892082, 261.87204, 106.83699], "carpPosition": [-143.595047, 194.926605, 120.547768], "dipPosition": [-110.224983, 273.637665, 104.768875], "direction": [0.988208, -0.004795, 0.153042], "extended": false, "handId": 21, "id": 214, "length": 45.228519, "mcpPosition": [-142.551682, 246.077103, 104.363556], "pipPosition": [-127.522575, 273.721588, 102.090019], "timeVisible": 14.811891, "tipPosition": [-109.892082, 261.87204, 106.83699], "type": 4, "width": 14.902361}], "timestamp": 25076283259, "label": 14}, {"currentFrameRate": 115.376877, "devices": [], "hands": [{"armBasis": [[-0.430714, 0.602779, 0.671672], [-0.816405, 0.056982, -0.574662], [-0.384668, -0.795871, 0.467569]], "armWidth": 59.084679, "confidence": 0.761356, "direction": [0.057387, 0.825872, -0.56093], "elbow": [-236.946823, -34.331951, 242.138382], "grabAngle": 2.1889, "grabStrength": 0.0, "id": 21, "palmNormal": [0.88206, 0.221231, 0.415965], "palmPosition": [-126.657028, 219.470886, 83.461998], "palmVelocity": [5.945622, -1.398907, -18.576445], "palmWidth": 84.202858, "pinchDistance": 89.156433, "pinchStrength": 1.0, "timeVisible": 14.907245, "type": "right", "wrist": [-140.83374, 164.524399, 125.311607]}], "id": 27478, "pointables": [{"bases": [[[-0.451355, 0.649947, 0.611431], [-0.852262, -0.11093, -0.511218], [-0.264439, -0.75184, 0.603994]], [[-0.447338, 0.679925, 0.581026], [-0.890677, -0.397614, -0.220448], [0.081136, -0.616121, 0.783461]], [[-0.447244, 0.678613, 0.58263], [-0.894358, -0.346496, -0.282957], [0.00986, -0.64763, 0.761891]], [[-0.447219, 0.679732, 0.581343], [-0.893612, -0.311878, -0.322783], [-0.038098, -0.66385, 0.746895]]], "btipPosition": [-119.442963, 269.500427, 0.062251], "carpPosition": [-134.617493, 174.038864, 95.09082], "dipPosition": [-119.875351, 261.966095, 8.539092], "direction": [-0.00986, 0.64763, -0.761891], "extended": true, "handId": 21, "id": 211, "length": 51.084831, "mcpPosition": [-116.614021, 225.22554, 53.969749], "pipPosition": [-119.669189, 248.42543, 24.468714], "timeVisible": 14.907245, "tipPosition": [-119.442963, 269.500427, 0.062251], "type": 1, "width": 17.951391}, {"bases": [[[-0.965913, 0.171981, -0.193481], [-0.040521, -0.838648, -0.543164], [-0.255676, -0.516809, 0.81703]], [[-0.609171, 0.522352, -0.596707], [0.113852, -0.687033, -0.717652], [-0.784824, -0.505108, 0.35905]], [[-0.649453, 0.480585, -0.589277], [0.555874, -0.228728, -0.799179], [-0.518858, -0.846594, -0.118597]], [[-0.665994, 0.414918, -0.619916], [0.737377, 0.491866, -0.462973], [0.11282, -0.765448, -0.63353]]], "btipPosition": [-67.476326, 230.299484, 98.73616], "carpPosition": [-116.658684, 169.522537, 101.014465], "dipPosition": [-65.66008, 217.976776, 88.537155], "direction": [0.518858, 0.846594, 0.118597], "extended": false, "handId": 21, "id": 210, "length": 46.590298, "mcpPosition": [-116.658684, 169.522537, 101.014465], "pipPosition": [-81.480904, 192.162766, 84.920952], "timeVisible": 14.907245, "tipPosition": [-67.476326, 230.299484, 98.73616], "type": 0, "width": 18.793331}, {"bases": [[[-0.330984, 0.551719, 0.765542], [-0.921899, -0.015931, -0.387104], [-0.201377, -0.833878, 0.513902]], [[-0.316777, 0.56746, 0.760027], [-0.25815, 0.719464, -0.644771], [-0.912694, -0.40045, -0.08142]], [[-0.318574, 0.567332, 0.759372], [0.518346, 0.774988, -0.36154], [-0.793617, 0.27844, -0.540966]], [[-0.319637, 0.568454, 0.758085], [0.930309, 0.340153, 0.137188], [-0.17988, 0.749104, -0.637563]]], "btipPosition": [-67.377556, 236.496445, 91.784256], "carpPosition": [-141.567856, 182.211777, 99.693802], "dipPosition": [-69.682587, 246.095642, 83.614365], "direction": [0.793617, -0.27844, 0.540965], "extended": false, "handId": 21, "id": 212, "length": 59.314983, "mcpPosition": [-128.566208, 236.050125, 66.51429], "pipPosition": [-89.679916, 253.111694, 69.983269], "timeVisible": 14.907245, "tipPosition": [-67.377556, 236.496445, 91.784256], "type": 2, "width": 17.630651}, {"bases": [[[-0.286566, 0.422615, 0.859812], [-0.94914, -0.003047, -0.314841], [-0.130437, -0.906304, 0.401993]], [[-0.276087, 0.432954, 0.858095], [-0.048663, 0.885354, -0.462364], [-0.9599, -0.16941, -0.223365]], [[-0.253487, 0.424427, 0.869256], [0.832927, 0.552725, -0.026983], [-0.491912, 0.717187, -0.493625]], [[-0.250069, 0.411349, 0.876503], [0.965946, 0.043869, 0.254999], [0.066442, 0.910422, -0.408311]]], "btipPosition": [-87.209236, 219.580093, 110.891792], "carpPosition": [-144.093185, 189.618454, 107.966599], "dipPosition": [-86.361122, 231.20137, 105.679817], "direction": [0.491912, -0.717187, 0.493625], "extended": false, "handId": 21, "id": 213, "length": 57.22208, "mcpPosition": [-136.532104, 242.154694, 84.664032], "pipPosition": [-98.480141, 248.870392, 93.518593], "timeVisible": 14.907245, "tipPosition": [-87.209236, 219.580093, 110.891792], "type": 3, "width": 16.776682}, {"bases": [[[-0.138946, 0.309534, 0.940682], [-0.989927, -0.017336, -0.140515], [-0.027187, -0.95073, 0.308825]], [[-0.172676, 0.213876, 0.961478], [-0.787771, 0.555977, -0.265153], [-0.591269, -0.80321, 0.072482]], [[-0.115452, 0.23826, 0.964315], [0.164929, 0.961929, -0.217924], [-0.979525, 0.133883, -0.150352]], [[-0.069782, 0.180783, 0.981044], [0.993096, -0.080366, 0.085449], [0.094291, 0.980234, -0.173926]]], "btipPosition": [-106.815414, 257.092804, 105.771492], "carpPosition": [-142.996033, 194.748917, 119.921516], "dipPosition": [-105.688553, 268.807526, 103.692909], "direction": [0.979525, -0.133883, 0.150352], "extended": false, "handId": 21, "id": 214, "length": 45.273403, "mcpPosition": [-141.53717, 245.76506, 103.349976], "pipPosition": [-122.848312, 271.152954, 101.058975], "timeVisible": 14.907245, "tipPosition": [-106.815414, 257.092804, 105.771492], "type": 4, "width": 14.902361}], "timestamp": 25076378613, "label": 14}, {"currentFrameRate": 115.403519, "devices": [], "hands": [{"armBasis": [[-0.416942, 0.595888, 0.68635], [-0.823817, 0.071301, -0.562353], [-0.384037, -0.799896, 0.461175]], "armWidth": 59.084679, "confidence": 0.762615, "direction": [0.063045, 0.816631, -0.573707], "elbow": [-237.324738, -34.019348, 240.728394], "grabAngle": 2.15922, "grabStrength": 0.0, "id": 21, "palmNormal": [0.894314, 0.208926, 0.395668], "palmPosition": [-126.984085, 220.087067, 82.856537], "palmVelocity": [-14.323154, 8.955625, 1.338138], "palmWidth": 84.202858, "pinchDistance": 89.342392, "pinchStrength": 1.0, "timeVisible": 15.011305, "type": "right", "wrist": [-141.369202, 165.842743, 125.49926]}], "id": 27490, "pointables": [{"bases": [[[-0.426103, 0.667495, 0.610645], [-0.864167, -0.100595, -0.493048], [-0.267679, -0.737788, 0.619691]], [[-0.420083, 0.707508, 0.568298], [-0.905058, -0.37241, -0.205379], [0.066332, -0.600619, 0.796779]], [[-0.419968, 0.705428, 0.570962], [-0.907537, -0.327473, -0.262939], [0.00149, -0.628596, 0.777731]], [[-0.419951, 0.70606, 0.570193], [-0.906824, -0.301382, -0.294685], [-0.036219, -0.640818, 0.766838]]], "btipPosition": [-119.5448, 268.283386, -1.866642], "carpPosition": [-135.651077, 175.016403, 95.296005], "dipPosition": [-119.955971, 261.008667, 6.83868], "direction": [-0.00149, 0.628596, -0.777731], "extended": true, "handId": 21, "id": 211, "length": 51.092285, "mcpPosition": [-117.426971, 225.246399, 53.106293], "pipPosition": [-119.924812, 247.863571, 23.102467], "timeVisible": 15.011305, "tipPosition": [-119.5448, 268.283386, -1.866642], "type": 1, "width": 17.951391}, {"bases": [[[-0.965849, 0.18898, -0.177265], [-0.068049, -0.845131, -0.53021], [-0.250011, -0.50004, 0.829129]], [[-0.60776, 0.533149, -0.588541], [0.099311, -0.684277, -0.722428], [-0.787887, -0.497512, 0.362928]], [[-0.650257, 0.491019, -0.579712], [0.52279, -0.264457, -0.810403], [-0.551232, -0.830038, -0.084735]], [[-0.671952, 0.420796, -0.609435], [0.738978, 0.435297, -0.514225], [0.048901, -0.795894, -0.603458]]], "btipPosition": [-66.326401, 230.536026, 96.96991], "carpPosition": [-117.642738, 170.144531, 100.942375], "dipPosition": [-65.539696, 217.73204, 87.261742], "direction": [0.551232, 0.830038, 0.084735], "extended": false, "handId": 21, "id": 210, "length": 46.560921, "mcpPosition": [-117.642738, 170.144531, 100.942375], "pipPosition": [-82.337593, 192.437988, 84.679588], "timeVisible": 15.011305, "tipPosition": [-66.326401, 230.536026, 96.96991], "type": 0, "width": 18.793331}, {"bases": [[[-0.304745, 0.568983, 0.763799], [-0.929431, -0.002472, -0.368988], [-0.20806, -0.822345, 0.529584]], [[-0.290674, 0.58372, 0.758142], [-0.235418, 0.724367, -0.647975], [-0.927409, -0.366829, -0.073136]], [[-0.29479, 0.583563, 0.756672], [0.542537, 0.754066, -0.370187], [-0.786608, 0.301395, -0.538895]], [[-0.296931, 0.585916, 0.754012], [0.940294, 0.316984, 0.123972], [-0.166373, 0.745804, -0.645055]]], "btipPosition": [-67.435127, 234.962387, 90.659447], "carpPosition": [-142.318863, 183.385361, 99