[[{"currentFrameRate": 114.303818, "devices": [], "hands": [{"armBasis": [[-0.409815, 0.91187, 0.023321], [-0.729321, -0.312204, -0.608786], [-0.547853, -0.266498, 0.792992]], "armWidth": 58.912899, "confidence": 0.582948, "direction": [-0.113797, 0.340742, -0.933244], "elbow": [-250.086853, 27.497465, 314.33844], "grabAngle": 2.399292, "grabStrength": 0.0, "id": 18, "palmNormal": [0.795773, 0.593645, 0.119715], "palmPosition": [-107.027809, 114.716835, 49.550606], "palmVelocity": [-12.644695, -9.309802, -23.18047], "palmWidth": 84.125618, "pinchDistance": 37.178516, "pinchStrength": 0.716425, "timeVisible": 3.859087, "type": "right", "wrist": [-113.325874, 94.023697, 116.383156]}], "id": 34007, "pointables": [{"bases": [[[-0.470806, 0.811571, 0.345968], [-0.881934, -0.422671, -0.208666], [-0.023117, -0.403362, 0.914748]], [[-0.45312, 0.857892, 0.242288], [-0.845669, -0.327689, -0.421265], [-0.282005, -0.395779, 0.873975]], [[-0.459228, 0.851514, 0.253049], [-0.674089, -0.148515, -0.723566], [-0.578545, -0.50286, 0.642198]], [[-0.465742, 0.846334, 0.258464], [-0.509971, -0.018, -0.860004], [-0.723198, -0.532349, 0.439989]]], "btipPosition": [-75.194809, 154.897171, -32.374207], "carpPosition": [-112.676804, 92.332054, 86.122925], "dipPosition": [-84.421364, 148.105469, -26.76083], "direction": [0.578545, 0.50286, -0.642198], "extended": true, "handId": 18, "id": 182, "length": 59.560608, "mcpPosition": [-111.185638, 118.350784, 27.11742], "pipPosition": [-99.03492, 135.403656, -10.539441], "timeVisible": 3.859087, "tipPosition": [-75.194809, 154.897171, -32.374207], "type": 2, "width": 17.564032}, {"bases": [[[-0.973315, -0.171123, -0.152888], [0.167228, -0.985183, 0.038084], [-0.157139, 0.0115, 0.987509]], [[-0.761789, -0.106797, -0.638962], [0.236233, -0.964197, -0.120487], [-0.603218, -0.24273, 0.759744]], [[-0.777393, -0.123658, -0.61674], [0.538484, -0.637599, -0.550911], [-0.325108, -0.760379, 0.562253]], [[-0.779723, -0.164746, -0.604062], [0.583603, 0.158245, -0.796471], [0.226805, -0.973559, -0.027241]]], "btipPosition": [-52.039845, 138.452103, 40.168377], "carpPosition": [-86.192406, 87.465912, 92.221458], "dipPosition": [-48.297653, 122.388756, 39.71891], "direction": [0.325108, 0.760379, -0.562253], "extended": false, "handId": 18, "id": 180, "length": 47.750595, "mcpPosition": [-86.192406, 87.465912, 92.221458], "pipPosition": [-58.4576, 98.62616, 57.289871], "timeVisible": 3.859087, "tipPosition": [-52.039845, 138.452103, 40.168377], "type": 0, "width": 18.722319}, {"bases": [[[-0.60547, 0.775889, 0.177206], [-0.788795, -0.555406, -0.263299], [-0.10587, -0.299199, 0.948299]], [[-0.677593, 0.63787, 0.366047], [-0.586977, -0.169191, -0.791728], [-0.443087, -0.75133, 0.489057]], [[-0.645198, 0.679095, 0.350071], [-0.299251, 0.196966, -0.933624], [-0.702971, -0.707131, 0.076138]], [[-0.598413, 0.71304, 0.365344], [0.265519, 0.606732, -0.74925], [-0.755911, -0.351355, -0.552402]]], "btipPosition": [-56.884083, 152.049988, 5.906546], "carpPosition": [-105.767799, 82.673386, 84.641975], "dipPosition": [-65.873276, 147.871719, -0.662542], "direction": [0.702971, 0.707131, -0.076138], "extended": false, "handId": 18, "id": 181, "length": 53.299767, "mcpPosition": [-98.566597, 103.024742, 20.139196], "pipPosition": [-81.226761, 132.427383, 1.000381], "timeVisible": 3.859087, "tipPosition": [-56.884083, 152.049988, 5.906546], "type": 1, "width": 17.88356}, {"bases": [[[-0.401244, 0.772906, 0.491549], [-0.913605, -0.376251, -0.154149], [0.065803, -0.510933, 0.857098]], [[-0.377853, 0.80407, 0.459019], [-0.403733, 0.303063, -0.863222], [-0.833203, -0.511492, 0.210117]], [[-0.485771, 0.77141, 0.411039], [0.675656, 0.629723, -0.383325], [-0.554541, 0.091513, -0.827109]], [[-0.503791, 0.792392, 0.343962], [0.858789, 0.416499, 0.298347], [0.093148, 0.445695, -0.890326]]], "btipPosition": [-74.626556, 144.480316, 63.072235], "carpPosition": [-117.673203, 102.230309, 88.510796], "dipPosition": [-73.399086, 150.353531, 51.339825], "direction": [0.554541, -0.091513, 0.827109], "extended": false, "handId": 18, "id": 183, "length": 59.003342, "mcpPosition": [-121.484146, 131.820648, 38.872471], "pipPosition": [-87.503258, 152.681061, 30.303171], "timeVisible": 3.859087, "tipPosition": [-74.626556, 144.480316, 63.072235], "type": 3, "width": 16.713289}, {"bases": [[[-0.234424, 0.760048, 0.606113], [-0.955464, -0.295107, 0.000514], [0.179259, -0.578998, 0.795379]], [[-0.225888, 0.778144, 0.58606], [-0.668105, 0.314078, -0.67453], [-0.70895, -0.543918, 0.448936]], [[-0.270442, 0.763799, 0.586065], [0.359226, 0.644843, -0.674637], [-0.893206, 0.02808, -0.448769]], [[-0.293886, 0.785645, 0.54442], [0.932524, 0.110627, 0.343746], [0.209835, 0.608706, -0.765144]]], "btipPosition": [-92.114021, 153.963562, 55.405308], "carpPosition": [-119.110397, 113.175751, 95.204536], "dipPosition": [-89.541733, 161.425461, 46.025696], "direction": [0.893206, -0.02808, 0.448769], "extended": false, "handId": 18, "id": 184, "length": 46.555752, "mcpPosition": [-128.720581, 144.216278, 52.563698], "pipPosition": [-105.630646, 161.931244, 37.942226], "timeVisible": 3.859087, "tipPosition": [-92.114021, 153.963562, 55.405308], "type": 4, "width": 14.84605}], "timestamp": 84056094070, "label": 8}, {"currentFrameRate": 114.197243, "devices": [], "hands": [{"armBasis": [[-0.369943, 0.928117, -0.041737], [-0.722107, -0.315514, -0.61564], [-0.584554, -0.197613, 0.786922]], "armWidth": 58.912899, "confidence": 0.587883, "direction": [-0.105742, 0.342354, -0.933602], "elbow": [-259.230774, 44.023403, 311.803009], "grabAngle": 2.383796, "grabStrength": 0.0, "id": 18, "palmNormal": [0.791598, 0.597197, 0.129335], "palmPosition": [-106.05912, 113.498909, 48.497364], "palmVelocity": [33.782845, -18.632484, -3.547465], "palmWidth": 84.125618, "pinchDistance": 40.717937, "pinchStrength": 0.700337, "timeVisible": 3.938008, "type": "right", "wrist": [-113.308044, 93.353691, 115.362991]}], "id": 34016, "pointables": [{"bases": [[[-0.478305, 0.808486, 0.342893], [-0.877658, -0.426436, -0.218789], [-0.030666, -0.405591, 0.91354]], [[-0.459715, 0.851431, 0.252443], [-0.824458, -0.303536, -0.477636], [-0.330048, -0.427705, 0.841509]], [[-0.463159, 0.847923, 0.257894], [-0.658164, -0.134188, -0.74082], [-0.593552, -0.512854, 0.620223]], [[-0.466931, 0.844926, 0.260914], [-0.507016, -0.014061, -0.861822], [-0.724507, -0.534699, 0.434957]]], "btipPosition": [-71.613144, 155.340073, -31.482922], "carpPosition": [-112.051804, 90.967766, 84.929283], "dipPosition": [-80.856003, 148.518677, -25.933981], "direction": [0.593552, 0.512854, -0.620223], "extended": true, "handId": 18, "id": 182, "length": 59.566528, "mcpPosition": [-110.073677, 117.130234, 26.001701], "pipPosition": [-95.848351, 135.564651, -10.267961], "timeVisible": 3.938008, "tipPosition": [-71.613144, 155.340073, -31.482922], "type": 2, "width": 17.564032}, {"bases": [[[-0.970833, -0.175462, -0.163393], [0.171597, -0.98445, 0.037585], [-0.167447, 0.008451, 0.985845]], [[-0.758063, -0.111, -0.642665], [0.240143, -0.963683, -0.116819], [-0.606359, -0.242888, 0.757189]], [[-0.773827, -0.128538, -0.620217], [0.552236, -0.61647, -0.561249], [-0.310203, -0.776816, 0.548024]], [[-0.775135, -0.169678, -0.608585], [0.578121, 0.198049, -0.791551], [0.254839, -0.965394, -0.05542]]], "btipPosition": [-52.044708, 137.645035, 40.241562], "carpPosition": [-85.431404, 86.226685, 91.299614], "dipPosition": [-47.835411, 121.699142, 39.326157], "direction": [0.310203, 0.776816, -0.548024], "extended": false, "handId": 18, "id": 180, "length": 47.798546, "mcpPosition": [-85.431404, 86.226685, 91.299614], "pipPosition": [-57.538898, 97.399521, 56.468933], "timeVisible": 3.938008, "tipPosition": [-52.044708, 137.645035, 40.241562], "type": 0, "width": 18.722319}, {"bases": [[[-0.611034, 0.772546, 0.172658], [-0.783314, -0.558593, -0.272752], [-0.114267, -0.301906, 0.946465]], [[-0.684377, 0.626055, 0.373743], [-0.599211, -0.190878, -0.777503], [-0.41542, -0.756056, 0.505772]], [[-0.655884, 0.66488, 0.357422], [-0.339264, 0.163336, -0.926402], [-0.674326, -0.728873, 0.118441]], [[-0.614941, 0.697451, 0.36798], [0.188247, 0.582984, -0.790375], [-0.765775, -0.416763, -0.489794]]], "btipPosition": [-57.073242, 152.409286, 2.629313], "carpPosition": [-104.938568, 81.410324, 83.56134], "dipPosition": [-66.180283, 147.452896, -3.195603], "direction": [0.674326, 0.728873, -0.118441], "extended": false, "handId": 18, "id": 181, "length": 53.302116, "mcpPosition": [-97.166161, 101.945808, 19.183342], "pipPosition": [-80.910004, 131.531677, -0.608433], "timeVisible": 3.938008, "tipPosition": [-57.073242, 152.409286, 2.629313], "type": 1, "width": 17.88356}, {"bases": [[[-0.410073, 0.769818, 0.489101], [-0.910118, -0.380295, -0.164499], [0.059369, -0.512597, 0.856575]], [[-0.387194, 0.79915, 0.459827], [-0.355472, 0.330781, -0.874199], [-0.850718, -0.50194, 0.155999]], [[-0.502131, 0.766301, 0.400807], [0.69976, 0.632361, -0.332348], [-0.508134, 0.113587, -0.853755]], [[-0.51831, 0.787669, 0.333064], [0.850379, 0.433434, 0.298313], [0.090611, 0.437849, -0.894471]]], "btipPosition": [-74.06781, 142.384613, 64.816666], "carpPosition": [-117.072083, 100.871529, 87.297676], "dipPosition": [-72.874405, 148.151398, 53.035854], "direction": [0.508134, -0.113587, 0.853755], "extended": false, "handId": 18, "id": 183, "length": 59.004162, "mcpPosition": [-120.510376, 130.558243, 37.689697], "pipPosition": [-85.796677, 151.040009, 31.324123], "timeVisible": 3.938008, "tipPosition": [-74.06781, 142.384613, 64.816666], "type": 3, "width": 16.713289}, {"bases": [[[-0.244393, 0.7575, 0.605365], [-0.953976, -0.299714, -0.010096], [0.173788, -0.579971, 0.795884]], [[-0.233725, 0.779226, 0.581532], [-0.649848, 0.319695, -0.689559], [-0.723236, -0.539075, 0.431658]], [[-0.28517, 0.763229, 0.579793], [0.395365, 0.644719, -0.654235], [-0.873135, 0.042662, -0.485609]], [[-0.309326, 0.789107, 0.530685], [0.912947, 0.090224, 0.39798], [0.266168, 0.607593, -0.748322]]], "btipPosition": [-91.843712, 152.2556, 55.212959], "carpPosition": [-118.566017, 111.816528, 94.01828], "dipPosition": [-88.579788, 159.706284, 46.036572], "direction": [0.873135, -0.042662, 0.485609], "extended": false, "handId": 18, "id": 184, "length": 46.577988, "mcpPosition": [-127.882919, 142.909195, 51.350349], "pipPosition": [-104.316002, 160.475159, 37.284607], "timeVisible": 3.938008, "tipPosition": [-91.843712, 152.2556, 55.212959], "type": 4, "width": 14.84605}], "timestamp": 84056172991, "label": 8}, {"currentFrameRate": 106.571541, "devices": [], "hands": [{"armBasis": [[-0.376432, 0.92642, -0.006653], [-0.74535, -0.307107, -0.591726], [-0.55023, -0.217786, 0.806112]], "armWidth": 58.912899, "confidence": 0.586378, "direction": [-0.108735, 0.351627, -0.929804], "elbow": [-247.981964, 38.879704, 316.640686], "grabAngle": 2.401032, "grabStrength": 0.0, "id": 18, "palmNormal": [0.807874, 0.57628, 0.123458], "palmPosition": [-104.056213, 113.953804, 48.593391], "palmVelocity": [0.746191, 5.291838, 12.074917], "palmWidth": 84.125618, "pinchDistance": 41.250519, "pinchStrength": 0.766575, "timeVisible": 4.049828, "type": "right", "wrist": [-110.627563, 93.245819, 115.410248]}], "id": 34027, "pointables": [{"bases": [[[-0.453575, 0.817686, 0.354483], [-0.890731, -0.402779, -0.210636], [-0.029456, -0.411289, 0.911029]], [[-0.43773, 0.852684, 0.285172], [-0.822051, -0.251083, -0.511067], [-0.364177, -0.458135, 0.810856]], [[-0.443679, 0.846867, 0.293197], [-0.621738, -0.055245, -0.781275], [-0.645438, -0.528927, 0.551041]], [[-0.448495, 0.843216, 0.296378], [-0.475175, 0.055905, -0.878113], [-0.757008, -0.534661, 0.375602]]], "btipPosition": [-66.411865, 157.90625, -27.785357], "carpPosition": [-110.158836, 91.272308, 84.867477], "dipPosition": [-76.120407, 151.049286, -22.968306], "direction": [0.645438, 0.528927, -0.551041], "extended": true, "handId": 18, "id": 182, "length": 59.838722, "mcpPosition": [-108.258781, 117.802338, 26.101887], "pipPosition": [-92.501068, 137.62558, -8.983372], "timeVisible": 4.049828, "tipPosition": [-66.411865, 157.90625, -27.785357], "type": 2, "width": 17.564032}, {"bases": [[[-0.976886, -0.149962, -0.152335], [0.14731, -0.988676, 0.02861], [-0.1549, 0.005508, 0.987915]], [[-0.769542, -0.080578, -0.633492], [0.224244, -0.962932, -0.149922], [-0.597929, -0.257428, 0.759086]], [[-0.787863, -0.102727, -0.607223], [0.545191, -0.574912, -0.610117], [-0.286424, -0.811741, 0.508958]], [[-0.788109, -0.150654, -0.596815], [0.549503, 0.2647, -0.792452], [0.277363, -0.95249, -0.125827]]], "btipPosition": [-51.651806, 138.899994, 42.118801], "carpPosition": [-83.55381, 85.879745, 90.912842], "dipPosition": [-47.064804, 123.147804, 40.03788], "direction": [0.286424, 0.811741, -0.508958], "extended": false, "handId": 18, "id": 180, "length": 47.853306, "mcpPosition": [-83.55381, 85.879745, 90.912842], "pipPosition": [-56.034298, 97.727821, 55.976105], "timeVisible": 4.049828, "tipPosition": [-51.651806, 138.899994, 42.118801], "type": 0, "width": 18.722319}, {"bases": [[[-0.589272, 0.786306, 0.185694], [-0.80041, -0.536859, -0.266697], [-0.110014, -0.305788, 0.945722]], [[-0.653619, 0.677688, 0.336929], [-0.570009, -0.147944, -0.808209], [-0.497867, -0.720314, 0.482987]], [[-0.626577, 0.70874, 0.324173], [-0.287746, 0.176184, -0.941361], [-0.724295, -0.683115, 0.093544]], [[-0.596235, 0.731825, 0.330055], [0.128234, 0.492663, -0.86072], [-0.792502, -0.470867, -0.387588]]], "btipPosition": [-51.157017, 151.273148, 2.770796], "carpPosition": [-103.374657, 81.740334, 83.465424], "dipPosition": [-60.562279, 145.684982, -1.829023], "direction": [0.724295, 0.683115, -0.093544], "extended": false, "handId": 18, "id": 181, "length": 53.303658, "mcpPosition": [-95.891541, 102.539879, 19.137936], "pipPosition": [-76.385139, 130.761734, 0.214525], "timeVisible": 4.049828, "tipPosition": [-51.157017, 151.273148, 2.770796], "type": 1, "width": 17.88356}, {"bases": [[[-0.38452, 0.77627, 0.499548], [-0.921346, -0.356235, -0.155623], [0.057151, -0.520097, 0.852193]], [[-0.36469, 0.800943, 0.474859], [-0.349965, 0.354686, -0.867019], [-0.862859, -0.482377, 0.150952]], [[-0.476137, 0.773977, 0.417436], [0.723839, 0.614508, -0.313746], [-0.49935, 0.15277, -0.852825]], [[-0.490133, 0.798194, 0.350223], [0.860305, 0.378381, 0.341617], [0.140159, 0.468736, -0.872148]]], "btipPosition": [-72.06675, 141.035049, 65.115005], "carpPosition": [-114.883865, 101.274635, 87.417931], "dipPosition": [-70.217758, 147.218643, 53.609585], "direction": [0.49935, -0.15277, 0.852825], "extended": false, "handId": 18, "id": 183, "length": 59.087048, "mcpPosition": [-118.193741, 131.395721, 38.063702], "pipPosition": [-82.932243, 151.10849, 31.894913], "timeVisible": 4.049828, "tipPosition": [-72.06675, 141.035049, 65.115005], "type": 3, "width": 16.713289}, {"bases": [[[-0.217767, 0.758976, 0.613623], [-0.961244, -0.2757, -0.000126], [0.169081, -0.589869, 0.789599]], [[-0.208219, 0.777764, 0.593067], [-0.644994, 0.346641, -0.681045], [-0.735274, -0.524331, 0.429475]], [[-0.260068, 0.763881, 0.590636], [0.442837, 0.637919, -0.630043], [-0.858056, 0.097701, -0.504177]], [[-0.280977, 0.791908, 0.542156], [0.901206, 0.023485, 0.432754], [0.329969, 0.610188, -0.720271]]], "btipPosition": [-89.596802, 151.703873, 55.817005], "carpPosition": [-115.938179, 112.230942, 94.221931], "dipPosition": [-85.549049, 159.189102, 46.981377], "direction": [0.858056, -0.097701, 0.504177], "extended": false, "handId": 18, "id": 184, "length": 46.609489, "mcpPosition": [-125.002731, 143.854248, 51.890961], "pipPosition": [-101.02713, 160.951492, 37.886749], "timeVisible": 4.049828, "tipPosition": [-89.596802, 151.703873, 55.817005], "type": 4, "width": 14.84605}], "timestamp": 84056284811, "label": 8}, {"currentFrameRate": 109.847855, "devices": [], "hands": [{"armBasis": [[-0.351169, 0.936196, 0.01473], [-0.764014, -0.277418, -0.582514], [-0.541261, -0.215815, 0.812687]], "armWidth": 58.912899, "confidence": 0.592816, "direction": [-0.120993, 0.367674, -0.92205], "elbow": [-246.323364, 39.407154, 318.988861], "grabAngle": 2.335996, "grabStrength": 0.084763, "id": 18, "palmNormal": [0.824207, 0.554878, 0.113108], "palmPosition": [-105.588379, 114.799629, 49.4771], "palmVelocity": [-0.132747, 7.360401, 14.054459], "palmWidth": 84.125618, "pinchDistance": 55.334473, "pinchStrength": 0.677537, "timeVisible": 4.145357, "type": "right", "wrist": [-111.207901, 93.281128, 116.116959]}], "id": 34038, "pointables": [{"bases": [[[-0.565674, 0.797413, 0.210107], [-0.819002, -0.51356, -0.255912], [-0.096166, -0.316841, 0.943591]], [[-0.607313, 0.709915, 0.35664], [-0.706916, -0.278025, -0.650362], [-0.362547, -0.647088, 0.670699]], [[-0.598824, 0.721501, 0.34763], [-0.508311, -0.006969, -0.861145], [-0.618894, -0.692378, 0.37092]], [[-0.588086, 0.730854, 0.34642], [-0.037234, 0.403395, -0.914268], [-0.807941, -0.550567, -0.210018]]], "btipPosition": [-60.804935, 150.873688, -12.006857], "carpPosition": [-104.718758, 82.271919, 84.044632], "dipPosition": [-70.438339, 144.309052, -14.510991], "direction": [0.618894, 0.692378, -0.37092], "extended": true, "handId": 18, "id": 181, "length": 53.385693, "mcpPosition": [-98.177628, 103.823257, 19.862103], "pipPosition": [-83.986298, 129.152481, -6.391327], "timeVisible": 4.145357, "tipPosition": [-60.804935, 150.873688, -12.006857], "type": 1, "width": 17.88356}, {"bases": [[[-0.425502, 0.823063, 0.376185], [-0.904758, -0.378186, -0.195929], [-0.018994, -0.423725, 0.905592]], [[-0.417256, 0.842656, 0.340336], [-0.830258, -0.201175, -0.519807], [-0.369552, -0.499459, 0.783564]], [[-0.421033, 0.838945, 0.344822], [-0.587142, 0.03769, -0.808606], [-0.691373, -0.542909, 0.476711]], [[-0.423753, 0.83699, 0.346237], [-0.431, 0.149883, -0.889817], [-0.796663, -0.526291, 0.297229]]], "btipPosition": [-66.333908, 161.406372, -23.146881], "carpPosition": [-111.633606, 91.6381, 85.416855], "dipPosition": [-76.639877, 154.598053, -19.3018], "direction": [0.691373, 0.542909, -0.476711], "extended": true, "handId": 18, "id": 182, "length": 60.276329, "mcpPosition": [-110.408424, 118.970306, 27.001991], "pipPosition": [-94.319504, 140.714905, -7.111458], "timeVisible": 4.145357, "tipPosition": [-66.333908, 161.406372, -23.146881], "type": 2, "width": 17.564032}, {"bases": [[[-0.983414, -0.124254, -0.132131], [0.123845, -0.992237, 0.011345], [-0.132515, -0.005207, 0.991167]], [[-0.776063, -0.065659, -0.627228], [0.178007, -0.976931, -0.117981], [-0.605012, -0.203212, 0.769848]], [[-0.790695, -0.080893, -0.606842], [0.51329, -0.627841, -0.585107], [-0.333669, -0.774127, 0.537952]], [[-0.793227, -0.116878, -0.597605], [0.571302, 0.196781, -0.7968], [0.210725, -0.973456, -0.08932]]], "btipPosition": [-49.958855, 135.358994, 39.988918], "carpPosition": [-84.782753, 85.630821, 90.813332], "dipPosition": [-46.47094, 119.246407, 38.510506], "direction": [0.333669, 0.774127, -0.537952], "extended": false, "handId": 18, "id": 180, "length": 47.889858, "mcpPosition": [-84.782753, 85.630821, 90.813332], "pipPosition": [-56.927441, 94.986885, 55.368809], "timeVisible": 4.145357, "tipPosition": [-49.958855, 135.358994, 39.988918], "type": 0, "width": 18.722319}, {"bases": [[[-0.354236, 0.777889, 0.519043], [-0.932991, -0.33173, -0.139583], [0.063602, -0.533707, 0.843274]], [[-0.33798, 0.797596, 0.49961], [-0.333672, 0.394818, -0.856027], [-0.880018, -0.456026, 0.132695]], [[-0.431291, 0.78013, 0.453195], [0.735479, 0.594945, -0.324207], [-0.52255, 0.193488, -0.830364]], [[-0.445108, 0.797832, 0.406624], [0.895386, 0.390075, 0.214766], [0.012733, 0.45968, -0.887993]]], "btipPosition": [-70.478394, 140.316605, 66.900223], "carpPosition": [-115.957184, 101.730835, 88.310776], "dipPosition": [-70.310432, 146.380356, 55.186481], "direction": [0.52255, -0.193488, 0.830364], "extended": false, "handId": 18, "id": 183, "length": 59.123745, "mcpPosition": [-119.640648, 132.640167, 39.473083], "pipPosition": [-83.617195, 151.307541, 34.041225], "timeVisible": 4.145357, "tipPosition": [-70.478394, 140.316605, 66.900223], "type": 3, "width": 16.713289}, {"bases": [[[-0.185435, 0.754937, 0.629035], [-0.967421, -0.252541, 0.0179], [0.17237, -0.605222, 0.777171]], [[-0.174393, 0.780191, 0.600741], [-0.718802, 0.316104, -0.619195], [-0.672986, -0.539797, 0.505676]], [[-0.217359, 0.767654, 0.602878], [0.376749, 0.635763, -0.673695], [-0.900453, 0.0807, -0.427402]], [[-0.237843, 0.791053, 0.563619], [0.92565, 0.008793, 0.378278], [0.294282, 0.611685, -0.734329]]], "btipPosition": [-90.950294, 153.780823, 53.894478], "carpPosition": [-116.296883, 112.695358, 95.322495], "dipPosition": [-87.338531, 161.288116, 44.88195], "direction": [0.900453, -0.0807, 0.427402], "extended": false, "handId": 18, "id": 184, "length": 46.628029, "mcpPosition": [-125.537781, 145.141739, 53.657772], "pipPosition": [-103.591431, 162.744736, 37.16748], "timeVisible": 4.145357, "tipPosition": [-90.950294, 153.780823, 53.894478], "type": 4, "width": 14.84605}], "timestamp": 84056380340, "label": 8}, {"currentFrameRate": 111.850441, "devices": [], "hands": [{"armBasis": [[-0.325769, 0.945331, 0.014949], [-0.778361, -0.259187, -0.571818], [-0.536683, -0.197916, 0.820244]], "armWidth": 58.912899, "confidence": 0.595598, "direction": [-0.122055, 0.376426, -0.918371], "elbow": [-244.797073, 43.78244, 320.873291], "grabAngle": 2.359173, "grabStrength": 0.027619, "id": 18, "palmNormal": [0.838125, 0.534723, 0.107784], "palmPosition": [-105.41317, 114.895279, 49.516914], "palmVelocity": [3.646967, -2.178158, 2.51137], "palmWidth": 84.125618, "pinchDistance": 61.330143, "pinchStrength": 0.709937, "timeVisible": 4.240901, "type": "right", "wrist": [-110.824394, 93.188469, 116.11499]}], "id": 34049, "pointables": [{"bases": [[[-0.544593, 0.809017, 0.221156], [-0.833459, -0.492604, -0.250373], [-0.093613, -0.320676, 0.942551]], [[-0.579317, 0.723242, 0.375916], [-0.764155, -0.321409, -0.559253], [-0.283652, -0.611243, 0.738866]], [[-0.571983, 0.734334, 0.365498], [-0.592304, -0.061498, -0.803364], [-0.567461, -0.675997, 0.470124]], [[-0.559856, 0.744776, 0.36314], [-0.042519, 0.411863, -0.910253], [-0.827498, -0.525051, -0.198917]]], "btipPosition": [-65.027679, 149.02713, -17.023012], "carpPosition": [-104.836426, 82.190575, 83.934547], "dipPosition": [-74.926254, 142.746445, -19.402466], "direction": [0.567461, 0.675997, -0.470124], "extended": true, "handId": 18, "id": 181, "length": 53.455124, "mcpPosition": [-98.468895, 104.002792, 19.822731], "pipPosition": [-87.367073, 127.926117, -9.095618], "timeVisible": 4.240901, "tipPosition": [-65.027679, 149.02713, -17.023012], "type": 1, "width": 17.88356}, {"bases": [[[-0.402117, 0.830298, 0.385886], [-0.915384, -0.355659, -0.188625], [-0.019371, -0.429083, 0.903058]], [[-0.398459, 0.83873, 0.371163], [-0.828667, -0.155759, -0.537633], [-0.393118, -0.521795, 0.757092]], [[-0.400786, 0.836483, 0.373721], [-0.581461, 0.082993, -0.80933], [-0.708007, -0.541672, 0.453119]], [[-0.402615, 0.835217, 0.374586], [-0.415353, 0.197973, -0.887856], [-0.81571, -0.513049, 0.267203]]], "btipPosition": [-64.600067, 162.572769, -21.017406], "carpPosition": [-111.713806, 91.606033, 85.327225], "dipPosition": [-75.178665, 155.91925, -17.55216], "direction": [0.708007, 0.541672, -0.453119], "extended": true, "handId": 18, "id": 182, "length": 60.397194, "mcpPosition": [-110.464272, 119.283844, 27.075832], "pipPosition": [-93.319931, 142.039978, -5.941879], "timeVisible": 4.240901, "tipPosition": [-64.600067, 162.572769, -21.017406], "type": 2, "width": 17.564032}, {"bases": [[[-0.987392, -0.100383, -0.122393], [0.10068, -0.994912, 0.003773], [-0.122149, -0.008597, 0.992474]], [[-0.784957, -0.038963, -0.618324], [0.160007, -0.976912, -0.141568], [-0.598532, -0.210061, 0.773068]], [[-0.801328, -0.056888, -0.595515], [0.504145, -0.600109, -0.621053], [-0.322044, -0.797893, 0.509564]], [[-0.803674, -0.096887, -0.58713], [0.553464, 0.240746, -0.79732], [0.218599, -0.96574, -0.139858]]], "btipPosition": [-50.755272, 135.644394, 41.102604], "carpPosition": [-84.803947, 84.939651, 90.377274], "dipPosition": [-47.133198, 119.642601, 38.785233], "direction": [0.322044, 0.797893, -0.509564], "extended": false, "handId": 18, "id": 180, "length": 47.936119, "mcpPosition": [-84.803947, 84.939651, 90.377274], "pipPosition": [-57.234634, 94.615379, 54.768547], "timeVisible": 4.240901, "tipPosition": [-50.755272, 135.644394, 41.102604], "type": 0, "width": 18.722319}, {"bases": [[[-0.330427, 0.782538, 0.527686], [-0.941925, -0.308926, -0.13169], [0.059964, -0.540554, 0.839169]], [[-0.315347, 0.800029, 0.510401], [-0.313768, 0.419693, -0.851708], [-0.895603, -0.428732, 0.118675]], [[-0.404356, 0.787787, 0.464637], [0.767765, 0.568448, -0.295641], [-0.497025, 0.237188, -0.834691]], [[-0.415911, 0.804254, 0.424493], [0.909402, 0.366598, 0.196452], [0.002379, 0.467742, -0.883862]]], "btipPosition": [-69.859566, 138.453171, 67.830826], "carpPosition": [-115.716812, 101.796791, 88.360519], "dipPosition": [-69.828171, 144.626328, 56.165794], "direction": [0.497025, -0.237188, 0.834691], "extended": false, "handId": 18, "id": 183, "length": 59.165237, "mcpPosition": [-119.18959, 133.102661, 39.760551], "pipPosition": [-82.492363, 150.669876, 34.897865], "timeVisible": 4.240901, "tipPosition": [-69.859566, 138.453171, 67.830826], "type": 3, "width": 16.713289}, {"bases": [[[-0.16106, 0.75493, 0.635721], [-0.972829, -0.229987, 0.026647], [0.166325, -0.614156, 0.771459]], [[-0.148182, 0.783068, 0.604026], [-0.712334, 0.339164, -0.614449], [-0.686019, -0.521319, 0.507548]], [[-0.1954, 0.771587, 0.60537], [0.443187, 0.620117, -0.647333], [-0.874874, 0.141803, -0.463128]], [[-0.21346, 0.797981, 0.563615], [0.905325, -0.055256, 0.42111], [0.367181, 0.600144, -0.710637]]], "btipPosition": [-90.872604, 152.756119, 54.615387], "carpPosition": [-115.634361, 112.749199, 95.446022], "dipPosition": [-86.365417, 160.122955, 45.892246], "direction": [0.874874, -0.141803, 0.463128], "extended": false, "handId": 18, "id": 184, "length": 46.651432, "mcpPosition": [-124.551155, 145.67453, 54.08754], "pipPosition": [-102.167572, 162.684235, 37.527134], "timeVisible": 4.240901, "tipPosition": [-90.872604, 152.756119, 54.615387], "type": 4, "width": 14.84605}], "timestamp": 84056475884, "label": 8}], [{"currentFrameRate": 106.935852, "devices": [], "hands": [{"armBasis": [[-0.275439, 0.960563, -0.038092], [-0.779433, -0.246343, -0.57602], [-0.562688, -0.128968, 0.816548]], "armWidth": 58.912899, "confidence": 0.606468, "direction": [-0.13582, 0.420745, -0.896954], "elbow": [-250.792633, 58.748966, 320.597687], "grabAngle": 2.401829, "grabStrength": 0.14551, "id": 18, "palmNormal": [0.829339, 0.543557, 0.129392], "palmPosition": [-105.367851, 114.937752, 51.015526], "palmVelocity": [8.495608, 26.940825, 20.30678], "palmWidth": 84.125618, "pinchDistance": 49.982182, "pinchStrength": 0.714516, "timeVisible": 4.561439, "type": "right", "wrist": [-110.32843, 90.943474, 116.762169]}], "id": 34081, "pointables": [{"bases": [[[-0.98638, -0.111808, -0.120636], [0.118301, -0.991814, -0.048056], [-0.114276, -0.061673, 0.991533]], [[-0.792937, -0.02751, -0.608682], [0.169303, -0.969589, -0.176732], [-0.58531, -0.24319, 0.77348]], [[-0.80682, -0.043628, -0.589185], [0.49715, -0.588936, -0.637178], [-0.319193, -0.807001, 0.496855]], [[-0.809143, -0.078644, -0.582326], [0.552009, 0.237979, -0.799157], [0.20143, -0.968081, -0.149146]]], "btipPosition": [-50.215607, 135.876343, 41.473976], "carpPosition": [-83.851212, 83.319496, 90.216415], "dipPosition": [-46.877903, 119.835228, 39.002621], "direction": [0.319193, 0.807001, -0.496855], "extended": false, "handId": 18, "id": 180, "length": 47.937706, "mcpPosition": [-83.851212, 83.319496, 90.216415], "pipPosition": [-56.890263, 94.521469, 54.587826], "timeVisible": 4.561439, "tipPosition": [-50.215607, 135.876343, 41.473976], "type": 0, "width": 18.722319}, {"bases": [[[-0.557097, 0.786638, 0.266164], [-0.826526, -0.494105, -0.269656], [-0.080608, -0.370216, 0.925442]], [[-0.600667, 0.689302, 0.405046], [-0.693925, -0.197873, -0.692325], [-0.397073, -0.696928, 0.59718]], [[-0.585751, 0.708892, 0.392897], [-0.463782, 0.10439, -0.879778], [-0.664682, -0.697549, 0.267624]], [[-0.559557, 0.728961, 0.394349], [0.080285, 0.521249, -0.84962], [-0.824894, -0.443751, -0.350194]]], "btipPosition": [-58.48, 153.728027, -4.474206], "carpPosition": [-104.052536, 80.525238, 83.613129], "dipPosition": [-68.362228, 148.411896, -8.669526], "direction": [0.664682, 0.697549, -0.267624], "extended": false, "handId": 18, "id": 181, "length": 53.602116, "mcpPosition": [-98.569611, 105.707115, 20.665106], "pipPosition": [-82.977325, 133.074112, -2.784975], "timeVisible": 4.561439, "tipPosition": [-58.48, 153.728027, -4.474206], "type": 1, "width": 17.88356}, {"bases": [[[-0.413745, 0.802018, 0.430791], [-0.91038, -0.36201, -0.200392], [-0.004767, -0.475095, 0.879921]], [[-0.406354, 0.820734, 0.401588], [-0.820443, -0.134288, -0.555734], [-0.402181, -0.555305, 0.727934]], [[-0.410916, 0.816264, 0.406032], [-0.538032, 0.142415, -0.830807], [-0.735982, -0.55985, 0.380655]], [[-0.414929, 0.81359, 0.407316], [-0.308801, 0.295174, -0.904165], [-0.855848, -0.500944, 0.128762]]], "btipPosition": [-63.015415, 165.552261, -14.375601], "carpPosition": [-110.907516, 89.771034, 85.618118], "dipPosition": [-74.142036, 159.039642, -12.701611], "direction": [0.735982, 0.55985, -0.380655], "extended": false, "handId": 18, "id": 182, "length": 60.508549, "mcpPosition": [-110.599998, 120.416878, 28.859108], "pipPosition": [-93.037239, 144.666367, -2.928881], "timeVisible": 4.561439, "tipPosition": [-63.015415, 165.552261, -14.375601], "type": 2, "width": 17.564032}, {"bases": [[[-0.340124, 0.748355, 0.569456], [-0.937302, -0.318745, -0.14095], [0.076031, -0.581693, 0.809847]], [[-0.322283, 0.771487, 0.548581], [-0.351797, 0.440391, -0.826011], [-0.878847, -0.459198, 0.129476]], [[-0.421026, 0.753728, 0.504609], [0.689002, 0.627576, -0.362526], [-0.589927, 0.195044, -0.783546]], [[-0.440654, 0.776129, 0.451053], [0.897544, 0.389575, 0.206508], [-0.015442, 0.495838, -0.868278]]], "btipPosition": [-68.283745, 140.662277, 68.427071], "carpPosition": [-115.108299, 99.678024, 89.213242], "dipPosition": [-68.487625, 147.20874, 56.963356], "direction": [0.589927, -0.195044, 0.783546], "extended": false, "handId": 18, "id": 183, "length": 59.152187, "mcpPosition": [-119.511566, 133.366394, 42.311432], "pipPosition": [-83.512047, 152.176163, 37.007801], "timeVisible": 4.561439, "tipPosition": [-68.283745, 140.662277, 68.427071], "type": 3, "width": 16.713289}, {"bases": [[[-0.169462, 0.718311, 0.674768], [-0.968369, -0.248598, 0.021443], [0.183149, -0.649791, 0.737718]], [[-0.158148, 0.748647, 0.64383], [-0.752166, 0.331095, -0.569757], [-0.639716, -0.574373, 0.510744]], [[-0.201422, 0.73477, 0.647721], [0.31863, 0.674459, -0.666018], [-0.926231, 0.072233, -0.369971]], [[-0.225444, 0.760325, 0.609164], [0.942211, 0.011109, 0.334835], [0.247816, 0.649448, -0.718891]]], "btipPosition": [-90.449753, 154.539383, 56.144958], "carpPosition": [-115.173592, 110.247444, 96.848068], "dipPosition": [-87.407654, 162.51178, 47.320107], "direction": [0.926231, -0.072233, 0.369971], "extended": false, "handId": 18, "id": 184, "length": 46.635406, "mcpPosition": [-124.992348, 145.083237, 57.29847], "pipPosition": [-104.128723, 163.815781, 40.641098], "timeVisible": 4.561439, "tipPosition": [-90.449753, 154.539383, 56.144958], "type": 4, "width": 14.84605}], "timestamp": 84056796422, "label": 8}, {"currentFrameRate": 110.11515, "devices": [], "hands": [{"armBasis": [[-0.235569, 0.971808, 0.009869], [-0.807566, -0.190086, -0.558305], [-0.540689, -0.139489, 0.829577]], "armWidth": 58.912899, "confidence": 0.655344, "direction": [-0.158342, 0.439874, -0.88399], "elbow": [-244.044403, 55.914059, 323.844025], "grabAngle": 2.431289, "grabStrength": 0.0, "id": 18, "palmNormal": [0.856875, 0.50606, 0.098331], "palmPosition": [-105.967094, 115.746704, 51.283791], "palmVelocity": [1.331623, -8.387736, -2.087202], "palmWidth": 84.125618, "pinchDistance": 63.503399, "pinchStrength": 0.816362, "timeVisible": 4.65694, "type": "right", "wrist": [-109.071754, 90.734802, 116.755875]}], "id": 34092, "pointables": [{"bases": [[[-0.510227, 0.805222, 0.302135], [-0.85833, -0.454615, -0.237896], [-0.054204, -0.380713, 0.923103]], [[-0.532623, 0.735872, 0.418098], [-0.803017, -0.283337, -0.524293], [-0.26735, -0.61499, 0.741829]], [[-0.53077, 0.739153, 0.414652], [-0.716096, -0.129438, -0.685895], [-0.45331, -0.660983, 0.598007]], [[-0.53313, 0.736702, 0.415985], [-0.329638, 0.271953, -0.904091], [-0.779173, -0.619122, 0.097859]]], "btipPosition": [-71.303139, 152.451202, -22.412041], "carpPosition": [-104.545319, 80.824677, 83.487495], "dipPosition": [-80.559647, 145.096085, -21.249487], "direction": [0.45331, 0.660983, -0.598007], "extended": true, "handId": 18, "id": 181, "length": 53.159195, "mcpPosition": [-100.858368, 106.720535, 20.698532], "pipPosition": [-90.436241, 130.694763, -8.220278], "timeVisible": 4.65694, "tipPosition": [-71.303139, 152.451202, -22.412041], "type": 1, "width": 17.88356}, {"bases": [[[-0.994728, -0.068262, -0.07653], [0.073425, -0.99506, -0.066813], [-0.071592, -0.07208, 0.994826]], [[-0.816529, 0.036013, -0.57618], [0.143287, -0.95418, -0.262698], [-0.55924, -0.297059, 0.773955]], [[-0.836917, 0.008421, -0.547266], [0.463544, -0.520754, -0.716897], [-0.291028, -0.853665, 0.431924]], [[-0.839141, -0.045971, -0.541967], [0.49849, 0.333631, -0.800124], [0.2176, -0.941582, -0.257047]]], "btipPosition": [-53.116302, 138.761902, 44.009007], "carpPosition": [-84.383743, 82.743004, 88.925148], "dipPosition": [-49.514137, 123.174881, 39.753826], "direction": [0.291028, 0.853665, -0.431924], "extended": false, "handId": 18, "id": 180, "length": 47.895027, "mcpPosition": [-84.383743, 82.743004, 88.925148], "pipPosition": [-58.635239, 96.420204, 53.290745], "timeVisible": 4.65694, "tipPosition": [-53.116302, 138.761902, 44.009007], "type": 0, "width": 18.722319}, {"bases": [[[-0.359009, 0.812007, 0.460171], [-0.933215, -0.320186, -0.163068], [0.014928, -0.487981, 0.872727]], [[-0.353914, 0.82228, 0.445646], [-0.764363, 0.020292, -0.644467], [-0.538975, -0.568721, 0.621339]], [[-0.359234, 0.818367, 0.448582], [-0.337623, 0.334148, -0.879975], [-0.870035, -0.467569, 0.156262]], [[-0.365617, 0.815827, 0.448052], [0.139135, 0.523876, -0.840354], [-0.920307, -0.244908, -0.305048]]], "btipPosition": [-54.09222, 161.862915, 2.215102], "carpPosition": [-111.098053, 90.296913, 85.703423], "dipPosition": [-66.110428, 158.664688, -1.768495], "direction": [0.870035, 0.467569, -0.156262], "extended": false, "handId": 18, "id": 182, "length": 60.651493, "mcpPosition": [-112.060982, 121.773941, 29.408512], "pipPosition": [-88.505844, 146.629089, 2.253808], "timeVisible": 4.65694, "tipPosition": [-54.09222, 161.862915, 2.215102], "type": 2, "width": 17.564032}, {"bases": [[[-0.281521, 0.753157, 0.594559], [-0.955528, -0.276746, -0.10187], [0.087817, -0.596796, 0.797573]], [[-0.268115, 0.770236, 0.578663], [-0.366124, 0.474124, -0.800725], [-0.891105, -0.426549, 0.154882]], [[-0.355148, 0.762269, 0.541125], [0.752571, 0.576523, -0.318211], [-0.554533, 0.294223, -0.778412]], [[-0.368809, 0.782834, 0.50115], [0.929505, 0.31017, 0.199537], [0.000763, 0.539412, -0.842042]]], "btipPosition": [-69.11541, 137.717178, 68.096313], "carpPosition": [-114.632347, 100.303223, 89.686127], "dipPosition": [-69.105339, 144.83606, 56.983486], "direction": [0.554533, -0.294223, 0.778412], "extended": false, "handId": 18, "id": 183, "length": 59.144798, "mcpPosition": [-119.718239, 134.866302, 43.495197], "pipPosition": [-83.231979, 152.331329, 37.153561], "timeVisible": 4.65694, "tipPosition": [-69.11541, 137.717178, 68.096313], "type": 3, "width": 16.713289}, {"bases": [[[-0.107688, 0.714327, 0.691477], [-0.976145, -0.207865, 0.062712], [0.188531, -0.668229, 0.719671]], [[-0.108688, 0.710533, 0.695219], [-0.840106, 0.308217, -0.446346], [-0.531422, -0.63257, 0.563423]], [[-0.112345, 0.70929, 0.695907], [0.29192, 0.692996, -0.659196], [-0.949822, 0.129091, -0.284911]], [[-0.114316, 0.711653, 0.693168], [0.958017, -0.105702, 0.266515], [0.262935, 0.694534, -0.669692]]], "btipPosition": [-92.704666, 156.284454, 53.877724], "carpPosition": [-113.836639, 110.707527, 97.450691], "dipPosition": [-89.476456, 164.811661, 45.655514], "direction": [0.949822, -0.129091, 0.284911], "extended": false, "handId": 18, "id": 184, "length": 46.627338, "mcpPosition": [-123.943901, 146.531769, 58.868591], "pipPosition": [-106.62854, 167.142822, 40.510532], "timeVisible": 4.65694, "tipPosition": [-92.704666, 156.284454, 53.877724], "type": 4, "width": 14.84605}], "timestamp": 84056891923, "label": 8}, {"currentFrameRate": 111.75415, "devices": [], "hands": [{"armBasis": [[-0.255546, 0.966792, -0.003159], [-0.809219, -0.215681, -0.546486], [-0.529019, -0.137096, 0.837462]], "armWidth": 58.912899, "confidence": 0.657059, "direction": [-0.166981, 0.436706, -0.883971], "elbow": [-240.550217, 56.127407, 325.709808], "grabAngle": 2.651242, "grabStrength": 0.262241, "id": 18, "palmNormal": [0.847375, 0.521915, 0.097772], "palmPosition": [-105.982925, 115.26757, 51.108837], "palmVelocity": [-1.993085, -11.948796, -3.907629], "palmWidth": 84.125618, "pinchDistance": 51.965801, "pinchStrength": 0.762226, "timeVisible": 4.752957, "type": "right", "wrist": [-108.490593, 90.350868, 116.653336]}], "id": 34103, "pointables": [{"bases": [[[-0.524937, 0.795651, 0.302293], [-0.849864, -0.470529, -0.237345], [-0.046606, -0.3815, 0.923193]], [[-0.563873, 0.706117, 0.428307], [-0.711015, -0.151243, -0.68672], [-0.420126, -0.691755, 0.587341]], [[-0.551606, 0.721964, 0.41773], [-0.526821, 0.086721, -0.845541], [-0.646676, -0.686474, 0.33251]], [[-0.530784, 0.738073, 0.416553], [-0.012441, 0.484665, -0.874611], [-0.847416, -0.469412, -0.24807]]], "btipPosition": [-60.341621, 153.756134, -6.910287], "carpPosition": [-104.104988, 80.228104, 83.133369], "dipPosition": [-70.41584, 148.17569, -9.85938], "direction": [0.646676, 0.686474, -0.33251], "extended": true, "handId": 18, "id": 181, "length": 53.235134, "mcpPosition": [-100.934868, 106.17749, 20.33828], "pipPosition": [-84.523003, 133.200333, -2.605717], "timeVisible": 4.752957, "tipPosition": [-60.341621, 153.756134, -6.910287], "type": 1, "width": 17.88356}, {"bases": [[[-0.99333, -0.086752, -0.075964], [0.09187, -0.993535, -0.066698], [-0.069687, -0.073232, 0.994877]], [[-0.81736, 0.027162, -0.575486], [0.168256, -0.944087, -0.283532], [-0.55101, -0.328577, 0.767089]], [[-0.838285, -0.001474, -0.545231], [0.455863, -0.550487, -0.699395], [-0.299112, -0.834842, 0.462137]], [[-0.841724, -0.061268, -0.53642], [0.503135, 0.271387, -0.82049], [0.195848, -0.960518, -0.197607]]], "btipPosition": [-52.366405, 139.709854, 42.481438], "carpPosition": [-83.826607, 82.637184, 88.947479], "dipPosition": [-49.133053, 123.852165, 39.219044], "direction": [0.299112, 0.834842, -0.462137], "extended": false, "handId": 18, "id": 180, "length": 47.77737, "mcpPosition": [-83.826607, 82.637184, 88.947479], "pipPosition": [-58.485641, 97.748436, 53.669071], "timeVisible": 4.752957, "tipPosition": [-52.366405, 139.709854, 42.481438], "type": 0, "width": 18.722319}, {"bases": [[[-0.373783, 0.805271, 0.460244], [-0.927193, -0.337503, -0.162496], [0.02448, -0.487473, 0.872795]], [[-0.3542, 0.839546, 0.411953], [-0.706931, 0.048002, -0.705652], [-0.612202, -0.541164, 0.576498]], [[-0.384559, 0.821442, 0.421126], [-0.064043, 0.431367, -0.899901], [-0.920876, -0.373035, -0.113278]], [[-0.412507, 0.814384, 0.408186], [0.51767, 0.578269, -0.630573], [-0.74957, -0.04881, -0.660123]]], "btipPosition": [-51.715164, 155.216782, 15.658564], "carpPosition": [-110.440659, 89.879128, 85.565254], "dipPosition": [-61.532772, 154.577484, 7.012509], "direction": [0.920876, 0.373035, 0.113278], "extended": false, "h