[[{"currentFrameRate": 110.668945, "devices": [], "hands": [{"armBasis": [[-0.822578, 0.468422, -0.322406], [-0.162327, -0.736799, -0.656336], [-0.544991, -0.487553, 0.682112]], "armWidth": 55.667011, "confidence": 0.817426, "direction": [0.040224, 0.235161, -0.971124], "elbow": [-237.051025, -21.478786, 274.129181], "grabAngle": 2.65119, "grabStrength": 0.0, "id": 146, "palmNormal": [0.203261, 0.949662, 0.238383], "palmPosition": [-92.778511, 114.69268, 50.695011], "palmVelocity": [-8.331005, -11.96403, 3.781105], "palmWidth": 79.889359, "pinchDistance": 11.673903, "pinchStrength": 1.0, "timeVisible": 7.664439, "type": "right", "wrist": [-107.855202, 94.100662, 112.427383]}], "id": 295106, "pointables": [{"bases": [[[-0.822042, 0.440433, 0.360923], [-0.535515, -0.813425, -0.227077], [0.193571, -0.379946, 0.904528]], [[-0.811612, 0.4111, 0.41507], [-0.567485, -0.723521, -0.393036], [0.138735, -0.554539, 0.820511]], [[-0.811679, 0.412199, 0.413848], [-0.581163, -0.498895, -0.642926], [-0.058547, -0.762362, 0.644497]], [[-0.811686, 0.412118, 0.413913], [-0.576942, -0.45514, -0.678222], [-0.091119, -0.789308, 0.607199]]], "btipPosition": [-126.265388, 158.586212, 5.449566], "carpPosition": [-114.484047, 105.536423, 88.74369], "dipPosition": [-127.172058, 150.732285, 11.491437], "direction": [0.058547, 0.762362, -0.644497], "extended": true, "handId": 146, "id": 1464, "length": 37.818443, "mcpPosition": [-124.338974, 124.879913, 42.693176], "pipPosition": [-128.025726, 139.616272, 20.888847], "timeVisible": 7.664439, "tipPosition": [-126.265388, 158.586212, 5.449566], "type": 4, "width": 13.997192}, {"bases": [[[-0.567618, -0.720228, -0.398851], [0.680729, -0.683054, 0.264661], [-0.463053, -0.121283, 0.877993]], [[-0.398894, -0.532695, -0.746404], [0.873255, -0.469066, -0.131922], [-0.279839, -0.704424, 0.652286]], [[-0.401345, -0.581218, -0.70789], [0.893069, -0.076738, -0.443327], [0.203347, -0.810122, 0.549866]], [[-0.358203, -0.645462, -0.674589], [0.544228, 0.442736, -0.712602], [0.758621, -0.622386, 0.192689]]], "btipPosition": [-81.336388, 163.028656, 55.368511], "carpPosition": [-76.23555, 106.288338, 97.36705], "dipPosition": [-70.852364, 154.427383, 58.031445], "direction": [-0.203347, 0.810122, -0.549866], "extended": false, "handId": 146, "id": 1460, "length": 39.983444, "mcpPosition": [-76.23555, 106.288338, 97.36705], "pipPosition": [-65.532066, 133.231674, 72.417923], "timeVisible": 7.664439, "tipPosition": [-81.336388, 163.028656, 55.368511], "type": 0, "width": 17.651827}, {"bases": [[[-0.957656, 0.243526, -0.15359], [-0.170764, -0.909922, -0.377997], [-0.231807, -0.335763, 0.912978]], [[-0.972491, 0.198377, -0.122098], [0.118712, -0.02892, -0.992508], [-0.200422, -0.979699, 0.004575]], [[-0.962655, 0.25945, -0.077333], [0.270628, 0.914391, -0.301081], [-0.007403, -0.310766, -0.950458]], [[-0.967869, 0.250679, -0.01973], [0.189046, 0.777147, 0.600253], [0.165803, 0.577237, -0.799567]]], "btipPosition": [-65.920959, 144.342392, 54.829224], "carpPosition": [-85.941673, 90.58429, 88.423752], "dipPosition": [-64.259384, 150.12709, 46.816479], "direction": [0.007403, 0.310766, 0.950458], "extended": false, "handId": 146, "id": 1461, "length": 44.846775, "mcpPosition": [-70.968262, 112.272636, 29.450653], "pipPosition": [-64.395813, 144.400024, 29.300632], "timeVisible": 7.664439, "tipPosition": [-65.920959, 144.342392, 54.829224], "type": 1, "width": 16.861025}, {"bases": [[[-0.936933, 0.347452, 0.037873], [-0.335257, -0.862802, -0.378385], [-0.098794, -0.367218, 0.924873]], [[-0.940882, 0.33596, 0.043261], [0.076081, 0.334047, -0.939481], [-0.330079, -0.88065, -0.339859]], [[-0.912293, 0.387606, 0.132225], [0.397872, 0.915353, 0.061863], [-0.097054, 0.109046, -0.989287]], [[-0.911186, 0.376799, 0.166623], [0.410335, 0.793701, 0.44907], [0.03696, 0.477558, -0.877823]]], "btipPosition": [-76.353661, 140.068878, 72.069366], "carpPosition": [-96.169281, 92.961777, 85.285538], "dipPosition": [-75.948418, 145.304947, 62.444687], "direction": [0.097054, -0.109046, 0.989287], "extended": false, "handId": 146, "id": 1462, "length": 50.865852, "mcpPosition": [-90.117538, 115.456261, 28.631124], "pipPosition": [-78.046371, 147.662109, 41.059944], "timeVisible": 7.664439, "tipPosition": [-76.353661, 140.068878, 72.069366], "type": 2, "width": 16.559767}, {"bases": [[[-0.913302, 0.353672, 0.201979], [-0.404318, -0.84704, -0.345036], [0.049054, -0.396786, 0.916599]], [[-0.914848, 0.34687, 0.206724], [-0.198024, 0.060767, -0.978312], [-0.351909, -0.935943, 0.013097]], [[-0.916942, 0.343086, 0.203738], [0.272922, 0.911734, -0.307008], [-0.291085, -0.225904, -0.929643]], [[-0.917494, 0.344041, 0.199602], [0.392741, 0.704217, 0.591466], [0.062926, 0.621058, -0.781234]]], "btipPosition": [-91.182632, 149.082794, 62.049557], "carpPosition": [-105.868317, 97.559204, 84.741669], "dipPosition": [-90.4935, 155.884338, 53.493843], "direction": [0.291085, 0.225904, 0.929643], "extended": false, "handId": 146, "id": 1463, "length": 48.998013, "mcpPosition": [-108.566208, 119.38166, 34.330521], "pipPosition": [-96.632881, 151.11972, 33.886414], "timeVisible": 7.664439, "tipPosition": [-91.182632, 149.082794, 62.049557], "type": 3, "width": 15.757668}], "timestamp": 37818512968, "label": 15}, {"currentFrameRate": 110.670044, "devices": [], "hands": [{"armBasis": [[-0.815643, 0.47501, -0.330291], [-0.168022, -0.740765, -0.650412], [-0.55362, -0.475007, 0.684012]], "armWidth": 55.667011, "confidence": 0.815529, "direction": [0.033583, 0.235156, -0.971377], "elbow": [-239.317444, -19.079596, 274.520721], "grabAngle": 2.629601, "grabStrength": 0.0, "id": 146, "palmNormal": [0.205372, 0.949561, 0.236975], "palmPosition": [-93.280609, 113.997078, 50.532066], "palmVelocity": [-6.882359, -2.609604, 4.021063], "palmWidth": 79.889359, "pinchDistance": 12.375133, "pinchStrength": 1.0, "timeVisible": 7.763871, "type": "right", "wrist": [-108.075989, 93.525879, 112.36853]}], "id": 295117, "pointables": [{"bases": [[[-0.8193, 0.440824, 0.366636], [-0.537474, -0.813163, -0.223357], [0.199674, -0.380053, 0.903155]], [[-0.809382, 0.414433, 0.416107], [-0.568549, -0.730472, -0.378368], [0.147146, -0.542822, 0.826857]], [[-0.809447, 0.41522, 0.415197], [-0.585716, -0.520819, -0.621035], [-0.041624, -0.745882, 0.664776]], [[-0.809458, 0.415085, 0.415309], [-0.580682, -0.460977, -0.67105], [-0.087095, -0.78435, 0.614174]]], "btipPosition": [-127.321983, 157.313431, 4.987306], "carpPosition": [-114.719994, 104.863907, 88.739868], "dipPosition": [-128.188553, 149.509399, 11.098145], "direction": [0.041624, 0.745882, -0.664776], "extended": true, "handId": 146, "id": 1464, "length": 37.813038, "mcpPosition": [-124.885628, 124.212837, 42.759239], "pipPosition": [-128.795349, 138.635788, 20.789385], "timeVisible": 7.763871, "tipPosition": [-127.321983, 157.313431, 4.987306], "type": 4, "width": 13.997192}, {"bases": [[[-0.570725, -0.719948, -0.394902], [0.682224, -0.683386, 0.259913], [-0.456994, -0.121073, 0.881191]], [[-0.406335, -0.527612, -0.746001], [0.876282, -0.456339, -0.15455], [-0.258886, -0.716506, 0.647763]], [[-0.4068, -0.581895, -0.70421], [0.879827, -0.042148, -0.473421], [0.2458, -0.812171, 0.529113]], [[-0.355962, -0.650347, -0.671074], [0.491914, 0.480166, -0.726265], [0.794551, -0.588633, 0.148994]]], "btipPosition": [-83.943459, 162.388214, 56.425987], "carpPosition": [-76.435669, 105.603302, 97.101753], "dipPosition": [-72.964355, 154.254486, 58.484787], "direction": [-0.2458, 0.812171, -0.529113], "extended": false, "handId": 146, "id": 1460, "length": 39.978725, "mcpPosition": [-76.435669, 105.603302, 97.101753], "pipPosition": [-66.534042, 133.007492, 72.326767], "timeVisible": 7.763871, "tipPosition": [-83.943459, 162.388214, 56.425987], "type": 0, "width": 17.651827}, {"bases": [[[-0.958583, 0.24399, -0.146923], [-0.173828, -0.909834, -0.37681], [-0.225614, -0.335665, 0.914564]], [[-0.972411, 0.201798, -0.117025], [0.111138, -0.0403, -0.992988], [-0.205099, -0.978598, 0.016761]], [[-0.963395, 0.256054, -0.079412], [0.267638, 0.901508, -0.340079], [-0.015488, -0.348884, -0.937038]], [[-0.967568, 0.250963, -0.028812], [0.19419, 0.811894, 0.550562], [0.161563, 0.527111, -0.834297]]], "btipPosition": [-66.231888, 144.794479, 54.203892], "carpPosition": [-86.197052, 89.877411, 88.204979], "dipPosition": [-64.613174, 150.075653, 45.84499], "direction": [0.015488, 0.348884, 0.937038], "extended": false, "handId": 146, "id": 1461, "length": 44.839199, "mcpPosition": [-71.623688, 111.559418, 29.129423], "pipPosition": [-64.898544, 143.647385, 28.579847], "timeVisible": 7.763871, "tipPosition": [-66.231888, 144.794479, 54.203892], "type": 1, "width": 16.861025}, {"bases": [[[-0.936479, 0.347903, 0.044392], [-0.338296, -0.862635, -0.376054], [-0.092536, -0.367185, 0.925534]], [[-0.94041, 0.33637, 0.049836], [0.069273, 0.332996, -0.94038], [-0.332911, -0.880891, -0.336454]], [[-0.911592, 0.387908, 0.136117], [0.396072, 0.917431, 0.038039], [-0.110123, 0.088588, -0.989962]], [[-0.91001, 0.378218, 0.169806], [0.414016, 0.807546, 0.420072], [0.021753, 0.452572, -0.891463]]], "btipPosition": [-76.460464, 140.091385, 71.912796], "carpPosition": [-96.442924, 92.264664, 85.140839], "dipPosition": [-76.222038, 145.05188, 62.141758], "direction": [0.110123, -0.088588, 0.989962], "extended": false, "handId": 146, "id": 1462, "length": 50.853336, "mcpPosition": [-90.774506, 114.75708, 28.445965], "pipPosition": [-78.601837, 146.966309, 40.748211], "timeVisible": 7.763871, "tipPosition": [-76.460464, 140.091385, 71.912796], "type": 2, "width": 16.559767}, {"bases": [[[-0.911705, 0.354109, 0.20833], [-0.407116, -0.84684, -0.342226], [0.055237, -0.396824, 0.916231]], [[-0.913614, 0.345159, 0.214881], [-0.222748, 0.017222, -0.974724], [-0.340136, -0.938386, 0.061149]], [[-0.913841, 0.344742, 0.214587], [0.257208, 0.90033, -0.351069], [-0.314227, -0.265627, -0.911429]], [[-0.91393, 0.344867, 0.214008], [0.402025, 0.696762, 0.594053], [0.055756, 0.628959, -0.775437]]], "btipPosition": [-91.626083, 149.228119, 59.931915], "carpPosition": [-106.140488, 96.868843, 84.674301], "dipPosition": [-91.015228, 156.118866, 51.43639], "direction": [0.314227, 0.265627, 0.911429], "extended": false, "handId": 146, "id": 1463, "length": 49.006611, "mcpPosition": [-109.178391, 118.693352, 34.283386], "pipPosition": [-97.643867, 150.515442, 32.209736], "timeVisible": 7.763871, "tipPosition": [-91.626083, 149.228119, 59.931915], "type": 3, "width": 15.757668}], "timestamp": 37818612400, "label": 15}, {"currentFrameRate": 110.652313, "devices": [], "hands": [{"armBasis": [[-0.809759, 0.481452, -0.335402], [-0.169131, -0.73887, -0.652278], [-0.561859, -0.471461, 0.679735]], "armWidth": 55.667011, "confidence": 0.815528, "direction": [0.021792, 0.240249, -0.970467], "elbow": [-241.437973, -18.715225, 273.424866], "grabAngle": 2.635197, "grabStrength": 0.0, "id": 146, "palmNormal": [0.200621, 0.949901, 0.239663], "palmPosition": [-94.036194, 113.84832, 50.437134], "palmVelocity": [-7.340018, -2.91688, -0.040874], "palmWidth": 79.889359, "pinchDistance": 12.232225, "pinchStrength": 1.0, "timeVisible": 7.863323, "type": "right", "wrist": [-108.243385, 93.0494, 112.286682]}], "id": 295128, "pointables": [{"bases": [[[-0.818786, 0.432741, 0.377259], [-0.533586, -0.816104, -0.221945], [0.211838, -0.383025, 0.89912]], [[-0.805404, 0.400126, 0.437291], [-0.567569, -0.733275, -0.374397], [0.170848, -0.549734, 0.817682]], [[-0.805515, 0.401188, 0.436112], [-0.591599, -0.502222, -0.630701], [-0.034005, -0.766042, 0.64189]], [[-0.805525, 0.401055, 0.436215], [-0.585962, -0.429563, -0.687112], [-0.088188, -0.809092, 0.581027]]], "btipPosition": [-128.955627, 157.690384, 6.171729], "carpPosition": [-115.004082, 104.359978, 88.817505], "dipPosition": [-129.833191, 149.639023, 11.953589], "direction": [0.034005, 0.766042, -0.64189], "extended": true, "handId": 146, "id": 1464, "length": 37.819862, "mcpPosition": [-125.789001, 123.860222, 43.042336], "pipPosition": [-130.329056, 138.468613, 21.31361], "timeVisible": 7.863323, "tipPosition": [-128.955627, 157.690384, 6.171729], "type": 4, "width": 13.997192}, {"bases": [[[-0.569308, -0.72229, -0.392665], [0.690011, -0.679464, 0.249427], [-0.44696, -0.128943, 0.885212]], [[-0.409351, -0.523671, -0.747128], [0.879589, -0.444064, -0.170676], [-0.242395, -0.727032, 0.642393]], [[-0.408266, -0.580967, -0.704128], [0.871536, -0.018609, -0.489978], [0.271558, -0.813714, 0.513931]], [[-0.353062, -0.651247, -0.671732], [0.461642, 0.503224, -0.730516], [0.813778, -0.568017, 0.122974]]], "btipPosition": [-85.753471, 162.280685, 57.0742], "carpPosition": [-76.678398, 105.346283, 96.782486], "dipPosition": [-74.511185, 154.433563, 58.773071], "direction": [-0.271558, 0.813714, -0.513931], "extended": false, "handId": 146, "id": 1460, "length": 39.970551, "mcpPosition": [-76.678398, 105.346283, 96.782486], "pipPosition": [-67.408409, 133.150375, 72.215263], "timeVisible": 7.863323, "tipPosition": [-85.753471, 162.280685, 57.0742], "type": 0, "width": 17.651827}, {"bases": [[[-0.961863, 0.237419, -0.135834], [-0.170821, -0.909239, -0.379612], [-0.213633, -0.341932, 0.915119]], [[-0.973573, 0.200022, -0.110216], [0.10993, -0.012572, -0.99386], [-0.20018, -0.979711, -0.009748]], [[-0.965797, 0.247739, -0.076556], [0.25869, 0.900376, -0.34986], [-0.017744, -0.357699, -0.933669]], [[-0.969193, 0.244248, -0.031737], [0.192853, 0.832698, 0.519059], [0.153206, 0.496948, -0.854149]]], "btipPosition": [-67.233475, 145.410736, 54.867836], "carpPosition": [-86.388741, 89.589745, 87.905663], "dipPosition": [-65.698967, 150.388153, 46.312702], "direction": [0.017744, 0.357699, 0.933668], "extended": false, "handId": 146, "id": 1461, "length": 44.830582, "mcpPosition": [-72.589279, 111.676559, 28.794231], "pipPosition": [-66.025833, 143.799088, 29.113853], "timeVisible": 7.863323, "tipPosition": [-67.233475, 145.410736, 54.867836], "type": 1, "width": 16.861025}, {"bases": [[[-0.938574, 0.340541, 0.055769], [-0.335625, -0.863297, -0.376928], [-0.080215, -0.372492, 0.924562]], [[-0.942364, 0.32894, 0.061235], [0.055399, 0.333881, -0.940986], [-0.329973, -0.883358, -0.33286]], [[-0.916452, 0.3756, 0.137989], [0.382772, 0.923396, 0.028737], [-0.116625, 0.079154, -0.990017]], [[-0.914878, 0.365429, 0.171639], [0.402657, 0.794896, 0.453882], [0.029426, 0.484358, -0.874375]]], "btipPosition": [-77.501984, 140.018753, 71.484138], "carpPosition": [-96.677765, 91.92485, 84.968338], "dipPosition": [-77.179382, 145.328751, 61.898407], "direction": [0.116625, -0.079154, 0.990017], "extended": false, "handId": 146, "id": 1462, "length": 50.855015, "mcpPosition": [-91.764107, 114.742401, 28.332979], "pipPosition": [-79.699791, 147.039368, 40.50288], "timeVisible": 7.863323, "tipPosition": [-77.501984, 140.018753, 71.484138], "type": 2, "width": 16.559767}, {"bases": [[[-0.912159, 0.346118, 0.219473], [-0.40421, -0.848195, -0.342315], [0.067674, -0.400959, 0.913593]], [[-0.914001, 0.336737, 0.226297], [-0.234274, 0.017336, -0.972016], [-0.331237, -0.941439, 0.063044]], [[-0.914117, 0.336521, 0.226147], [0.243156, 0.901349, -0.358394], [-0.324445, -0.272625, -0.905766]], [[-0.914191, 0.336611, 0.225715], [0.403674, 0.706703, 0.581049], [0.036074, 0.622306, -0.781943]]], "btipPosition": [-92.45369, 149.362076, 59.913467], "carpPosition": [-106.411964, 96.453918, 84.625374], "dipPosition": [-92.058502, 156.179413, 51.347309], "direction": [0.324445, 0.272625, 0.905766], "extended": false, "handId": 146, "id": 1463, "length": 49.002502, "mcpPosition": [-110.133896, 118.505882, 34.379578], "pipPosition": [-98.902069, 150.428894, 32.241844], "timeVisible": 7.863323, "tipPosition": [-92.45369, 149.362076, 59.913467], "type": 3, "width": 15.757668}], "timestamp": 37818711852, "label": 15}, {"currentFrameRate": 110.611153, "devices": [], "hands": [{"armBasis": [[-0.814365, 0.47904, -0.327613], [-0.16616, -0.733331, -0.659254], [-0.556058, -0.482438, 0.676797]], "armWidth": 55.667011, "confidence": 0.816317, "direction": [0.024988, 0.233397, -0.972061], "elbow": [-240.322922, -21.068483, 272.410248], "grabAngle": 2.643784, "grabStrength": 0.0, "id": 146, "palmNormal": [0.200888, 0.951357, 0.23359], "palmPosition": [-94.169678, 113.812904, 50.059505], "palmVelocity": [1.607723, -5.050192, -4.58151], "palmWidth": 79.889359, "pinchDistance": 12.743529, "pinchStrength": 1.0, "timeVisible": 7.962822, "type": "right", "wrist": [-108.503693, 93.298363, 111.968491]}], "id": 295139, "pointables": [{"bases": [[[-0.819473, 0.436223, 0.371716], [-0.533764, -0.817097, -0.217825], [0.208708, -0.37691, 0.90243]], [[-0.805805, 0.402621, 0.434251], [-0.567965, -0.733018, -0.374301], [0.167612, -0.548253, 0.819344]], [[-0.805935, 0.403965, 0.43276], [-0.590571, -0.49777, -0.635178], [-0.041175, -0.767488, 0.63974]], [[-0.805938, 0.403925, 0.432791], [-0.584057, -0.423167, -0.692681], [-0.096648, -0.811032, 0.576962]]], "btipPosition": [-128.783188, 157.667664, 5.621267], "carpPosition": [-115.264153, 104.621254, 88.435402], "dipPosition": [-129.745651, 149.59108, 11.366887], "direction": [0.041175, 0.767488, -0.63974], "extended": true, "handId": 146, "id": 1464, "length": 37.849998, "mcpPosition": [-125.889694, 123.810173, 42.491711], "pipPosition": [-130.346649, 138.388702, 20.704638], "timeVisible": 7.962822, "tipPosition": [-128.783188, 157.667664, 5.621267], "type": 4, "width": 13.997192}, {"bases": [[[-0.568869, -0.724449, -0.389308], [0.68854, -0.6784, 0.256294], [-0.449779, -0.122256, 0.884733]], [[-0.408831, -0.527735, -0.744549], [0.880588, -0.44234, -0.17], [-0.239629, -0.725142, 0.645559]], [[-0.407284, -0.586155, -0.700387], [0.869236, -0.013452, -0.494215], [0.280265, -0.810087, 0.514986]], [[-0.350375, -0.656921, -0.667602], [0.451435, 0.506079, -0.734908], [0.820636, -0.558873, 0.11924]]], "btipPosition": [-86.458221, 162.274475, 56.71006], "carpPosition": [-76.952568, 105.627419, 96.519234], "dipPosition": [-75.119255, 154.552368, 58.357628], "direction": [-0.280265, 0.810087, -0.514986], "extended": false, "handId": 146, "id": 1460, "length": 39.976509, "mcpPosition": [-76.952568, 105.627419, 96.519234], "pipPosition": [-67.78775, 133.361115, 71.829247], "timeVisible": 7.962822, "tipPosition": [-86.458221, 162.274475, 56.71006], "type": 0, "width": 17.651827}, {"bases": [[[-0.961198, 0.237444, -0.140425], [-0.17062, -0.91171, -0.37373], [-0.216767, -0.335269, 0.916846]], [[-0.973071, 0.199956, -0.114676], [0.115075, -0.009665, -0.99331], [-0.199727, -0.979757, -0.013605]], [[-0.964907, 0.250578, -0.078524], [0.262174, 0.902403, -0.341955], [-0.014826, -0.350542, -0.93643]], [[-0.968573, 0.246747, -0.031347], [0.195317, 0.832548, 0.518377], [0.154006, 0.495963, -0.854577]]], "btipPosition": [-67.380363, 145.089432, 54.757637], "carpPosition": [-86.661835, 89.816727, 87.723549], "dipPosition": [-65.837753, 150.057281, 46.197704], "direction": [0.014826, 0.350542, 0.93643], "extended": false, "handId": 146, "id": 1461, "length": 44.833767, "mcpPosition": [-72.65995, 111.47316, 28.500586], "pipPosition": [-66.11087, 143.599564, 28.946688], "timeVisible": 7.962822, "tipPosition": [-67.380363, 145.089432, 54.757637], "type": 1, "width": 16.861025}, {"bases": [[[-0.938382, 0.341887, 0.050519], [-0.335383, -0.865581, -0.37187], [-0.08341, -0.365899, 0.926909]], [[-0.942023, 0.330876, 0.055806], [0.058391, 0.325419, -0.943765], [-0.330429, -0.88579, -0.325872]], [[-0.917715, 0.376003, 0.128144], [0.381038, 0.924414, 0.016397], [-0.112293, 0.063876, -0.99162]], [[-0.916438, 0.365968, 0.161888], [0.397982, 0.791204, 0.464335], [0.041845, 0.489963, -0.870738]]], "btipPosition": [-77.778976, 140.182236, 70.858383], "carpPosition": [-96.940483, 92.129707, 84.735893], "dipPosition": [-77.320038, 145.555923, 61.308525], "direction": [0.112293, -0.063876, 0.99162], "extended": false, "handId": 146, "id": 1462, "length": 50.868271, "mcpPosition": [-91.8311, 114.543381, 27.956764], "pipPosition": [-79.74733, 146.936646, 39.873894], "timeVisible": 7.962822, "tipPosition": [-77.778976, 140.182236, 70.858383], "type": 2, "width": 16.559767}, {"bases": [[[-0.912458, 0.348588, 0.214259], [-0.404057, -0.850166, -0.337573], [0.064482, -0.394594, 0.91659]], [[-0.913909, 0.341542, 0.219363], [-0.223111, 0.028802, -0.974367], [-0.339105, -0.939425, 0.04988]], [[-0.915428, 0.33874, 0.217363], [0.250696, 0.902392, -0.350486], [-0.31487, -0.266353, -0.910996]], [[-0.915937, 0.339392, 0.214177], [0.398984, 0.712563, 0.577119], [0.043255, 0.614058, -0.788075]]], "btipPosition": [-92.545525, 149.126343, 60.075642], "carpPosition": [-106.667885, 96.672157, 84.328667], "dipPosition": [-92.071686, 155.853119, 51.44257], "direction": [0.31487, 0.266353, 0.910996], "extended": false, "handId": 146, "id": 1463, "length": 49.005844, "mcpPosition": [-110.214241, 118.374046, 33.918018], "pipPosition": [-98.71344, 150.234772, 32.226345], "timeVisible": 7.962822, "tipPosition": [-92.545525, 149.126343, 60.075642], "type": 3, "width": 15.757668}], "timestamp": 37818811351, "label": 15}, {"currentFrameRate": 110.66021, "devices": [], "hands": [{"armBasis": [[-0.813778, 0.483922, -0.321846], [-0.169971, -0.727742, -0.664455], [-0.555765, -0.486015, 0.674473]], "armWidth": 55.667011, "confidence": 0.818562, "direction": [0.023335, 0.227496, -0.973499], "elbow": [-240.252518, -22.031813, 271.749908], "grabAngle": 2.637569, "grabStrength": 0.0, "id": 146, "palmNormal": [0.206104, 0.951752, 0.227354], "palmPosition": [-94.246651, 113.372192, 49.836803], "palmVelocity": [5.563458, -0.691743, -1.663766], "palmWidth": 79.889359, "pinchDistance": 13.265071, "pinchStrength": 1.0, "timeVisible": 8.062148, "type": "right", "wrist": [-108.50251, 93.18309, 111.858978]}], "id": 295150, "pointables": [{"bases": [[[-0.816314, 0.442355, 0.371422], [-0.538288, -0.815803, -0.21145], [0.209471, -0.372541, 0.904066]], [[-0.801817, 0.406578, 0.437931], [-0.574176, -0.727234, -0.376101], [0.165564, -0.553014, 0.816556]], [[-0.801964, 0.408233, 0.436118], [-0.595466, -0.48803, -0.638159], [-0.047679, -0.771474, 0.634472]], [[-0.801964, 0.408239, 0.436113], [-0.591041, -0.436237, -0.678504], [-0.086743, -0.801896, 0.591133]]], "btipPosition": [-128.7836, 157.428909, 5.432681], "carpPosition": [-115.276093, 104.508263, 88.323509], "dipPosition": [-129.647446, 149.443069, 11.319589], "direction": [0.047679, 0.771474, -0.634472], "extended": true, "handId": 146, "id": 1464, "length": 37.853127, "mcpPosition": [-125.940514, 123.474747, 42.296539], "pipPosition": [-130.343445, 138.181366, 20.581388], "timeVisible": 8.062148, "tipPosition": [-128.7836, 157.428909, 5.432681], "type": 4, "width": 13.997192}, {"bases": [[[-0.573437, -0.724008, -0.383382], [0.686012, -0.680165, 0.258386], [-0.447837, -0.114837, 0.88671]], [[-0.415456, -0.529725, -0.739451], [0.879053, -0.442765, -0.176704], [-0.233799, -0.723429, 0.649606]], [[-0.413804, -0.58795, -0.69504], [0.867113, -0.022019, -0.497624], [0.277274, -0.808598, 0.518931]], [[-0.357336, -0.659214, -0.661625], [0.459054, 0.492961, -0.739093], [0.813376, -0.567826, 0.126462]]], "btipPosition": [-86.481514, 162.060226, 56.134018], "carpPosition": [-76.929359, 105.388115, 96.304665], "dipPosition": [-75.241165, 154.213226, 57.881641], "direction": [-0.277274, 0.808598, -0.518931], "extended": false, "handId": 146, "id": 1460, "length": 39.982082, "mcpPosition": [-76.929359, 105.388115, 96.304665], "pipPosition": [-67.986938, 133.058121, 71.458282], "timeVisible": 8.062148, "tipPosition": [-86.481514, 162.060226, 56.134018], "type": 0, "width": 17.651827}, {"bases": [[[-0.960446, 0.241221, -0.139124], [-0.176046, -0.913084, -0.367812], [-0.215756, -0.328772, 0.919434]], [[-0.972616, 0.203199, -0.112823], [0.113453, -0.008583, -0.993506], [-0.202848, -0.9791, -0.014706]], [[-0.963553, 0.257114, -0.073877], [0.266828, 0.903883, -0.334363], [-0.019194, -0.341889, -0.939544]], [[-0.967346, 0.252385, -0.023328], [0.201893, 0.82291, 0.531092], [0.153237, 0.509039, -0.846993]]], "btipPosition": [-67.340271, 144.106201, 54.507324], "carpPosition": [-86.747154, 89.563675, 87.62059], "dipPosition": [-65.805214, 149.205536, 46.022514], "direction": [0.019194, 0.341889, 0.939544], "extended": false, "handId": 146, "id": 1461, "length": 44.836994, "mcpPosition": [-72.810555, 110.800423, 28.230476], "pipPosition": [-66.158829, 142.906708, 28.712715], "timeVisible": 8.062148, "tipPosition": [-67.340271, 144.106201, 54.507324], "type": 1, "width": 16.861025}, {"bases": [[[-0.936587, 0.346685, 0.051129], [-0.340581, -0.866154, -0.365763], [-0.082519, -0.359982, 0.929303]], [[-0.940123, 0.336157, 0.056286], [0.057307, 0.318687, -0.946126], [-0.335984, -0.886249, -0.318868]], [[-0.915872, 0.380772, 0.127246], [0.385553, 0.922574, 0.014351], [-0.11193, 0.062203, -0.991767]], [[-0.914653, 0.371312, 0.159806], [0.402053, 0.794527, 0.45506], [0.041999, 0.480473, -0.876003]]], "btipPosition": [-77.721436, 139.759125, 70.433258], "carpPosition": [-97.023216, 91.909561, 84.649567], "dipPosition": [-77.26078, 145.029022, 60.825119], "direction": [0.11193, -0.062203, 0.991767], "extended": false, "handId": 146, "id": 1462, "length": 50.871979, "mcpPosition": [-91.968391, 113.960762, 27.723812], "pipPosition": [-79.680389, 146.373688, 39.385838], "timeVisible": 8.062148, "tipPosition": [-77.721436, 139.759125, 70.433258], "type": 2, "width": 16.559767}, {"bases": [[[-0.910165, 0.354233, 0.214752], [-0.409082, -0.850205, -0.331364], [0.065203, -0.389448, 0.918738]], [[-0.91146, 0.348175, 0.219122], [-0.218319, 0.042074, -0.97497], [-0.348679, -0.936485, 0.037665]], [[-0.913495, 0.344505, 0.216433], [0.258754, 0.902469, -0.344378], [-0.313964, -0.258585, -0.913543]], [[-0.914148, 0.345278, 0.212405], [0.403886, 0.730805, 0.550273], [0.034771, 0.588818, -0.807517]]], "btipPosition": [-92.248878, 148.684265, 60.545086], "carpPosition": [-106.728912, 96.499634, 84.241119], "dipPosition": [-91.868095, 155.132553, 51.701771], "direction": [0.313964, 0.258585, 0.913543], "extended": false, "handId": 146, "id": 1463, "length": 48.998699, "mcpPosition": [-110.314957, 117.91848, 33.712364], "pipPosition": [-98.489662, 149.678955, 32.434986], "timeVisible": 8.062148, "tipPosition": [-92.248878, 148.684265, 60.545086], "type": 3, "width": 15.757668}], "timestamp": 37818910677, "label": 15}], [{"currentFrameRate": 110.670525, "devices": [], "hands": [{"armBasis": [[-0.813436, 0.486961, -0.318105], [-0.173906, -0.725492, -0.665897], [-0.555048, -0.486344, 0.674826]], "armWidth": 55.667011, "confidence": 0.819483, "direction": [0.020577, 0.226481, -0.973798], "elbow": [-239.673599, -22.116308, 271.839508], "grabAngle": 2.651972, "grabStrength": 0.0, "id": 146, "palmNormal": [0.209581, 0.951387, 0.225697], "palmPosition": [-93.992554, 113.293655, 49.787598], "palmVelocity": [7.066792, -2.677176, -2.095078], "palmWidth": 79.889359, "pinchDistance": 13.719314, "pinchStrength": 1.0, "timeVisible": 8.36043, "type": "right", "wrist": [-108.093658, 93.17672, 111.864883]}], "id": 295183, "pointables": [{"bases": [[[-0.81376, 0.44502, 0.373833], [-0.541322, -0.814485, -0.208767], [0.211576, -0.372251, 0.903695]], [[-0.79846, 0.409326, 0.44149], [-0.574837, -0.736298, -0.356969], [0.178952, -0.538811, 0.823201]], [[-0.798611, 0.410738, 0.439903], [-0.600544, -0.495766, -0.627345], [-0.039586, -0.765186, 0.642591]], [[-0.798614, 0.410696, 0.439936], [-0.596423, -0.44218, -0.669893], [-0.080591, -0.797374, 0.59808]]], "btipPosition": [-129.052338, 156.919632, 5.131931], "carpPosition": [-114.90271, 104.532791, 88.363258], "dipPosition": [-129.854828, 148.979752, 11.087331], "direction": [0.039586, 0.765186, -0.642591], "extended": true, "handId": 146, "id": 1464, "length": 37.848068, "mcpPosition": [-125.674286, 123.484489, 42.355152], "pipPosition": [-130.432602, 137.811417, 20.466316], "timeVisible": 8.36043, "tipPosition": [-129.052338, 156.919632, 5.131931], "type": 4, "width": 13.997192}, {"bases": [[[-0.576813, -0.722759, -0.380666], [0.684989, -0.681848, 0.256659], [-0.445059, -0.112708, 0.88838]], [[-0.419168, -0.529418, -0.737573], [0.876953, -0.446418, -0.177947], [-0.235058, -0.721406, 0.651399]], [[-0.417456, -0.588012, -0.6928], [0.864559, -0.022284, -0.502037], [0.279765, -0.808545, 0.517674]], [[-0.360407, -0.659525, -0.659647], [0.451555, 0.495432, -0.742054], [0.816213, -0.565309, 0.119255]]], "btipPosition": [-86.161934, 161.852982, 56.086658], "carpPosition": [-76.55545, 105.299942, 96.189857], "dipPosition": [-74.883942, 154.041855, 57.734455], "direction": [-0.279765, 0.808545, -0.517674], "extended": false, "handId": 146, "id": 1460, "length": 39.976845, "mcpPosition": [-76.55545, 105.299942, 96.189857], "pipPosition": [-67.565453, 132.890808, 71.276489], "timeVisible": 8.36043, "tipPosition": [-86.161934, 161.852982, 56.086658], "type": 0, "width": 17.651827}, {"bases": [[[-0.960242, 0.243797, -0.136009], [-0.179905, -0.912941, -0.366297], [-0.21347, -0.327266, 0.920504]], [[-0.972342, 0.205991, -0.110083], [0.112875, 0.001814, -0.993608], [-0.204475, -0.978552, -0.025015]], [[-0.962915, 0.260934, -0.068608], [0.269263, 0.913313, -0.305545], [-0.017066, -0.312687, -0.949703]], [[-0.966966, 0.254344, -0.016921], [0.201337, 0.802783, 0.561251], [0.156334, 0.539303, -0.827473]]], "btipPosition": [-67.186096, 143.093582, 54.718155], "carpPosition": [-86.428772, 89.505157, 87.568192], "dipPosition": [-65.61985, 148.496628, 46.428066], "direction": [0.017066, 0.312687, 0.949703], "extended": false, "handId": 146, "id": 1461, "length": 44.841053, "mcpPosition": [-72.639839, 110.644623, 28.108942], "pipPosition": [-65.934303, 142.735199, 28.929296], "timeVisible": 8.36043, "tipPosition": [-67.186096, 143.093582, 54.718155], "type": 1, "width": 16.861025}, {"bases": [[[-0.935421, 0.349378, 0.054056], [-0.344298, -0.865544, -0.36372], [-0.080288, -0.358842, 0.929939]], [[-0.93908, 0.338526, 0.059401], [0.054698, 0.317827, -0.94657], [-0.339318, -0.885656, -0.316982]], [[-0.914475, 0.383224, 0.129904], [0.387257, 0.92195, 0.006342], [-0.117335, 0.056106, -0.991506]], [[-0.913117, 0.373614, 0.163186], [0.40561, 0.792049, 0.456222], [0.041199, 0.482774, -0.874775]]], "btipPosition": [-77.298241, 139.731033, 70.283806], "carpPosition": [-96.709663, 91.868828, 84.63031], "dipPosition": [-76.84639, 145.025864, 60.689697], "direction": [0.117335, -0.056106, 0.991506], "extended": false, "handId": 146, "id": 1462, "length": 50.868176, "mcpPosition": [-91.791512, 113.850227, 27.665604], "pipPosition": [-79.38266, 146.238632, 39.257618], "timeVisible": 8.36043, "tipPosition": [-77.298241, 139.731033, 70.283806], "type": 2, "width": 16.559767}, {"bases": [[[-0.908406, 0.357011, 0.217579], [-0.412634, -0.849369, -0.329098], [0.067313, -0.388735, 0.918887]], [[-0.909692, 0.351051, 0.221863], [-0.218977, 0.048455, -0.974526], [-0.352859, -0.935102, 0.032793]], [[-0.91224, 0.346533, 0.218481], [0.263993, 0.905102, -0.333314], [-0.313252, -0.246385, -0.917152]], [[-0.913022, 0.347581, 0.21349], [0.405428, 0.7156, 0.56881], [0.044934, 0.605891, -0.794278]]], "btipPosition": [-92.02446, 148.136414, 60.644104], "carpPosition": [-106.404327, 96.482452, 84.249733], "dipPosition": [-91.532326, 154.772308, 51.944942], "direction": [0.313252, 0.246385, 0.917152], "extended": false, "handId": 146, "id": 1463, "length": 49.001297, "mcpPosition": [-110.1064, 117.862129, 33.712753], "pipPosition": [-98.139359, 149.575623, 32.600594], "timeVisible": 8.36043, "tipPosition": [-92.02446, 148.136414, 60.644104], "type": 3, "width": 15.757668}], "timestamp": 37819208959, "label": 15}, {"currentFrameRate": 110.654579, "devices": [], "hands": [{"armBasis": [[-0.813711, 0.484634, -0.320943], [-0.174077, -0.729975, -0.660934], [-0.554591, -0.481941, 0.678352]], "armWidth": 55.667011, "confidence": 0.820713, "direction": [0.019911, 0.229758, -0.973044], "elbow": [-239.01918, -21.280916, 272.59436], "grabAngle": 2.654451, "grabStrength": 0.0, "id": 146, "palmNormal": [0.208106, 0.950968, 0.228804], "palmPosition": [-93.497833, 113.232552, 49.73418], "palmVelocity": [-4.896127, 2.878628, 2.541182], "palmWidth": 79.889359, "pinchDistance": 14.285768, "pinchStrength": 1.0, "timeVisible": 8.459861, "type": "right", "wrist": [-107.547607, 92.968178, 111.783859]}], "id": 295194, "pointables": [{"bases": [[[-0.814366, 0.44245, 0.37556], [-0.540064, -0.814663, -0.211318], [0.212457, -0.374917, 0.902386]], [[-0.797745, 0.403786, 0.447839], [-0.574506, -0.734544, -0.361093], [0.183153, -0.545346, 0.817956]], [[-0.797938, 0.405472, 0.445969], [-0.601827, -0.495274, -0.626504], [-0.033153, -0.768308, 0.639221]], [[-0.79794, 0.405438, 0.445996], [-0.600195, -0.466581, -0.649668], [-0.055307, -0.786081, 0.615645]]], "btipPosition": [-129.032059, 156.948715, 5.123243], "carpPosition": [-114.37928, 104.309784, 88.2845], "dipPosition": [-129.582916, 149.119339, 11.255074], "direction": [0.033153, 0.768308, -0.639221], "extended": true, "handId": 146, "id": 1464, "length": 37.858913, "mcpPosition": [-125.195686, 123.397202, 42.34306], "pipPosition": [-130.066971, 137.901672, 20.588018], "timeVisible": 8.459861, "tipPosition": [-129.032059, 156.948715, 5.123243], "type": 4, "width": 13.997192}, {"bases": [[[-0.575756, -0.722421, -0.382899], [0.686172, -0.681587, 0.254178], [-0.444603, -0.11639, 0.888134]], [[-0.418022, -0.525969, -0.740685], [0.878282, -0.442322, -0.181579], [-0.232116, -0.726435, 0.64685]], [[-0.416301, -0.584678, -0.696308], [0.865952, -0.021512, -0.499664], [0.277164, -0.81098, 0.515259]], [[-0.359714, -0.65649, -0.663043], [0.460327, 0.493248, -0.73811], [0.811606, -0.570725, 0.124772]]], "btipPosition": [-85.623154, 162.002914, 56.155678], "carpPosition": [-76.034035, 105.114456, 96.100731], "dipPosition": [-74.407318, 154.115891, 57.879936], "direction": [-0.277164, 0.81098, -0.515259], "extended": false, "handId": 146, "id": 1460, "length": 39.981449, "mcpPosition": [-76.034035, 105.114456, 96.100731], "pipPosition": [-67.15612, 132.898911, 71.360207], "timeVisible": 8.459861, "tipPosition": [-85.623154, 162.002914, 56.155678], "type": 0, "width": 17.651827}, {"bases": [[[-0.960678, 0.24269, -0.134906], [-0.178536, -0.912006, -0.369284], [-0.212657, -0.330677, 0.919472]], [[-0.973151, 0.203179, -0.108143], [0.112443, 0.009704, -0.993611], [-0.200831, -0.979094, -0.032289]], [[-0.962964, 0.262366, -0.062167], [0.26902, 0.919391, -0.286965], [-0.018135, -0.293061, -0.955922]], [[-0.967384, 0.253259, -0.005332], [0.200391, 0.777981, 0.595473], [0.154957, 0.574983, -0.803357]]], "btipPosition": [-66.779526, 142.444534, 54.768764], "carpPosition": [-85.883797, 89.335258, 87.435379], "dipPosition": [-65.226685, 148.206497, 46.718235], "direction": [0.018135, 0.293061, 0.955922], "extended": false, "handId": 146, "id": 1461, "length": 44.848042, "mcpPosition": [-72.1474, 110.695114, 28.042774], "pipPosition": [-65.560883, 142.80574, 29.101748], "timeVisible": 8.459861, "tipPosition": [-66.779526, 142.444534, 54.768764], "type": 1, "width": 16.861025}, {"bases": [[[-0.93597, 0.347678, 0.055502], [-0.343005, -0.864885, -0.366499], [-0.079421, -0.362069, 0.928762]], [[-0.939571, 0.336922, 0.060746], [0.054348, 0.321974, -0.945187], [-0.338013, -0.884769, -0.320828]], [[-0.913373, 0.383741, 0.135986], [0.389466, 0.920879, 0.017275], [-0.118597, 0.06874, -0.99056]], [[-0.911882, 0.373112, 0.17105], [0.408539, 0.784885, 0.465888], [0.039574, 0.494716, -0.868153]]], "btipPosition": [-76.812614, 139.312317, 70.288589], "carpPosition": [-96.171074, 91.684334, 84.506699], "dipPosition": [-76.378479, 144.739487, 60.764706], "direction": [0.118597, -0.06874, 0.99056], "extended": false, "handId": 146, "id": 1462, "length": 50.878551, "mcpPosition": [-91.306046, 113.863403, 27.61409], "pipPosition": [-78.94252, 146.225632, 39.349037], "timeVisible": 8.459861, "tipPosition": [-76.812614, 139.312317, 70.288589], "type": 2, "width": 16.559767}, {"bases": [[[-0.908918, 0.354809, 0.219041], [-0.411356, -0.848936, -0.331803], [0.068225, -0.391686, 0.917566]], [[-0.910011, 0.349854, 0.222446], [-0.204869, 0.086989, -0.974916], [-0.360429, -0.932757, -0.007487]], [[-0.913411, 0.34397, 0.217634], [0.273381, 0.914558, -0.298072], [-0.301566, -0.212766, -0.929402]], [[-0.914365, 0.345425, 0.21123], [0.402405, 0.717558, 0.56849], [0.044801, 0.604807, -0.795111]]], "btipPosition": [-91.53051, 147.330841, 62.236919], "carpPosition": [-105.87291, 96.286804, 84.139496], "dipPosition": [-91.03994, 153.953461, 53.530483], "direction": [0.301566, 0.212766, 0.929402], "extended": false, "handId": 146, "id": 1463, "length": 48.999359, "mcpPosition": [-109.625153, 117.828751, 33.675175], "pipPosition": [-97.400063, 149.466171, 33.929115], "timeVisible": 8.459861, "tipPosition": [-91.53051, 147.330841, 62.236919], "type": 3, "width": 15.757668}], "timestamp": 37819308390, "label": 15}, {"currentFrameRate": 110.460159, "devices": [], "hands": [{"armBasis": [[-0.815522, 0.480859, -0.322023], [-0.169736, -0.730701, -0.66126], [-0.553276, -0.484613, 0.677522]], "armWidth": 55.667011, "confidence": 0.821124, "direction": [0.020021, 0.228939, -0.973235], "elbow": [-238.573563, -22.053015, 272.31665], "grabAngle": 2.661855, "grabStrength": 0.0, "id": 146, "palmNormal": [0.203379, 0.952145, 0.228161], "palmPosition": [-93.38147, 113.109467, 49.655518], "palmVelocity": [3.260041, -4.669906, -4.65002], "palmWidth": 79.889359, "pinchDistance": 14.113209, "pinchStrength": 1.0, "timeVisible": 8.559627, "type": "right", "wrist": [-107.413742, 92.829544, 111.702995]}], "id": 295205, "pointables": [{"bases": [[[-0.816883, 0.438988, 0.374156], [-0.535992, -0.817377, -0.211207], [0.213109, -0.373075, 0.902995]], [[-0.800702, 0.401859, 0.444282], [-0.569866, -0.73965, -0.358011], [0.184743, -0.53984, 0.821244]], [[-0.800881, 0.403398, 0.442561], [-0.597931, -0.498369, -0.627779], [-0.032685, -0.767397, 0.640339]], [[-0.800882, 0.40337, 0.442583], [-0.595125, -0.454154, -0.663001], [-0.066434, -0.794378, 0.60378]]], "btipPosition": [-128.89299, 156.597672, 5.007007], "carpPosition": [-114.268562, 104.126724, 88.187721], "dipPosition": [-129.554733, 148.684937, 11.021214], "direction": [0.032685, 0.767397, -0.640339], "extended": true, "handId": 146, "id": 1464, "length": 37.862278, "mcpPosition": [-125.118164, 123.120407, 42.215275], "pipPosition": [-130.032013, 137.479248, 20.371569], "timeVisible": 8.559627, "tipPosition": [-128.89299, 156.597672, 5.007007], "type": 4, "width": 13.997192}, {"bases": [[[-0.571906, -0.725463, -0.382918], [0.689042, -0.678133, 0.255651], [-0.445135, -0.117638, 0.887703]], [[-0.414751, -0.531023, -0.738916], [0.879351, -0.442672, -0.17545], [-0.23393, -0.722535, 0.650554]], [[-0.412947, -0.589079, -0.694594], [0.866166, -0.01831, -0.49942], [0.28148, -0.807868, 0.517801]], [[-0.356311, -0.659709, -0.661684], [0.452187, 0.497962, -0.739974], [0.817661, -0.562866, 0.120883]]], "btipPosition": [-85.642647, 161.662537, 55.952091], "carpPosition": [-75.926758, 105.11425, 96.051018], "dipPosition": [-74.343513, 153.884384, 57.622551], "direction": [-0.28148, 0.807868, -0.517801], "extended": false, "handId": 146, "id": 1460, "length": 39.9804, "mcpPosition": [-75.926758, 105.11425, 96.051018], "pipPosition": [-66.979568, 132.749298, 71.169037], "timeVisible": 8.559627, "tipPosition": [-85.642647, 161.662537, 55.952091], "type": 0, "width": 17.651827}, {"bases": [[[-0.961637, 0.238068, -0.136299], [-0.173821, -0.913175, -0.368643], [-0.212227, -0.330809, 0.919524]], [[-0.97415, 0.197808, -0.109101], [0.113638, 0.011697, -0.993453], [-0.195237, -0.980171, -0.033874]], [[-0.964021, 0.258617, -0.061482], [0.265358, 0.922548, -0.280161], [-0.015734, -0.286396, -0.957982]], [[-0.968497, 0.249, -0.003471], [0.197632, 0.777031, 0.597632], [0.151508, 0.578119, -0.801763]]], "btipPosition": [-66.817024, 142.28537, 54.794567], "carpPosition": [-85.700539, 89.285957, 87.390434], "dipPosition": [-65.298759, 148.07872, 46.760063], "direction": [0.015734, 0.286396, 0.957982]