[[{"currentFrameRate": 110.283165, "devices": [], "hands": [{"armBasis": [[-0.863019, 0.490696, -0.120063], [-0.302355, -0.692133, -0.655388], [-0.404696, -0.529311, 0.745688]], "armWidth": 58.912899, "confidence": 0.896957, "direction": [-0.206179, 0.484392, -0.850208], "elbow": [-229.407547, -18.917786, 288.632233], "grabAngle": 1.716909, "grabStrength": 0.0, "id": 13, "palmNormal": [0.254231, 0.865556, 0.431485], "palmPosition": [-128.916351, 150.608246, 42.87035], "palmVelocity": [45.466496, 23.33643, 31.337646], "palmWidth": 84.125618, "pinchDistance": 73.262886, "pinchStrength": 1.0, "timeVisible": 82.26339, "type": "right", "wrist": [-128.382919, 113.214554, 102.485329]}], "id": 16647, "pointables": [{"bases": [[[-0.966115, 0.206711, 0.154574], [-0.258034, -0.788313, -0.558553], [0.006393, -0.579511, 0.814939]], [[-0.961205, 0.172867, 0.214945], [-0.241088, -0.905126, -0.350175], [0.134019, -0.388411, 0.911688]], [[-0.961651, 0.174215, 0.211841], [-0.243016, -0.899299, -0.363599], [0.127164, -0.401136, 0.907149]], [[-0.960593, 0.171572, 0.218687], [-0.228793, -0.934832, -0.271556], [0.157844, -0.310889, 0.937248]]], "btipPosition": [-122.280571, 183.61972, -50.456192], "carpPosition": [-111.985168, 116.649071, 71.354385], "dipPosition": [-120.412872, 179.941116, -39.366188], "direction": [-0.127164, 0.401136, -0.907149], "extended": true, "handId": 13, "id": 131, "length": 53.090641, "mcpPosition": [-112.420044, 156.067108, 15.922691], "pipPosition": [-117.645355, 171.211044, -19.623549], "timeVisible": 82.26339, "tipPosition": [-122.280571, 183.61972, -50.456192], "type": 1, "width": 17.88356}, {"bases": [[[-0.89813, 0.257855, 0.356193], [-0.417449, -0.754549, -0.506352], [0.1382, -0.603462, 0.785324]], [[-0.899468, 0.262384, 0.349445], [-0.395413, -0.829117, -0.395239], [0.186026, -0.49368, 0.849514]], [[-0.899585, 0.262696, 0.34891], [-0.395621, -0.828563, -0.396191], [0.185016, -0.494444, 0.849291]], [[-0.899585, 0.262696, 0.348909], [-0.395621, -0.828563, -0.396191], [0.185015, -0.494443, 0.849291]]], "btipPosition": [-147.582489, 197.95163, -49.140694], "carpPosition": [-123.416969, 118.419182, 71.331573], "dipPosition": [-145.183456, 191.540344, -38.12822], "direction": [-0.185016, 0.494444, -0.849291], "extended": true, "handId": 13, "id": 132, "length": 60.380859, "mcpPosition": [-132.331497, 157.345291, 20.674522], "pipPosition": [-140.446609, 178.881409, -16.384354], "timeVisible": 82.26339, "tipPosition": [-147.582489, 197.95163, -49.140694], "type": 2, "width": 17.564032}, {"bases": [[[-0.647853, -0.628477, -0.430469], [0.727228, -0.678488, -0.103891], [-0.226775, -0.380355, 0.896606]], [[-0.543393, -0.408243, -0.733527], [0.785204, -0.556255, -0.272093], [-0.296948, -0.723822, 0.622819]], [[-0.538351, -0.445688, -0.71522], [0.671881, 0.285293, -0.683509], [0.508679, -0.84851, 0.145862]], [[-0.502995, -0.471637, -0.724261], [-0.122696, 0.868463, -0.48033], [0.855536, -0.152739, -0.494701]]], "btipPosition": [-116.317207, 190.977722, 58.089066], "carpPosition": [-99.794319, 128.369293, 83.179031], "dipPosition": [-102.097694, 188.439102, 49.866848], "direction": [-0.508679, 0.84851, -0.145862], "extended": false, "handId": 13, "id": 130, "length": 48.072067, "mcpPosition": [-99.794319, 128.369293, 83.179031], "pipPosition": [-86.098984, 161.752197, 54.454426], "timeVisible": 82.26339, "tipPosition": [-116.317207, 190.977722, 58.089066], "type": 0, "width": 18.722319}, {"bases": [[[-0.833962, 0.222383, 0.505029], [-0.475932, -0.753051, -0.454317], [0.27928, -0.619242, 0.733854]], [[-0.83325, 0.259211, 0.488369], [-0.458072, 0.17099, -0.872314], [-0.30962, -0.950564, -0.02374]], [[-0.853383, 0.236501, 0.464548], [0.248471, 0.967957, -0.036341], [-0.458257, 0.084413, -0.884802]], [[-0.86061, 0.250044, 0.443653], [0.508056, 0.48152, 0.714155], [-0.035058, 0.84001, -0.541437]]], "btipPosition": [-124.758141, 184.357422, 62.692089], "carpPosition": [-133.494217, 122.754677, 74.390717], "dipPosition": [-125.223518, 195.508224, 55.504719], "direction": [0.458257, -0.084413, 0.884802], "extended": false, "handId": 13, "id": 133, "length": 59.402264, "mcpPosition": [-149.668533, 158.617691, 31.890003], "pipPosition": [-136.948944, 197.668106, 32.865288], "timeVisible": 82.26339, "tipPosition": [-124.758141, 184.357422, 62.692089], "type": 3, "width": 16.713289}, {"bases": [[[-0.705855, 0.270566, 0.654648], [-0.573293, -0.761025, -0.303605], [0.416058, -0.589606, 0.692287]], [[-0.70802, 0.341093, 0.618355], [-0.601786, 0.166782, -0.781049], [-0.369541, -0.925116, 0.08718]], [[-0.763903, 0.282774, 0.580078], [0.150852, 0.952227, -0.265532], [-0.627451, -0.115334, -0.770067]], [[-0.796624, 0.324776, 0.509815], [0.603167, 0.371624, 0.705752], [0.039751, 0.869722, -0.491939]]], "btipPosition": [-140.923401, 182.294067, 62.639915], "carpPosition": [-141.541534, 129.047714, 82.651382], "dipPosition": [-140.435669, 192.965179, 56.604042], "direction": [0.627451, 0.115334, 0.770067], "extended": false, "handId": 13, "id": 134, "length": 46.674652, "mcpPosition": [-163.84671, 160.656921, 45.537384], "pipPosition": [-151.773544, 190.881119, 42.689148], "timeVisible": 82.26339, "tipPosition": [-140.923401, 182.294067, 62.639915], "type": 4, "width": 14.84605}], "timestamp": 83892391152, "label": 10}, {"currentFrameRate": 111.889603, "devices": [], "hands": [{"armBasis": [[-0.872779, 0.483473, -0.067162], [-0.313688, -0.660977, -0.681696], [-0.373974, -0.573902, 0.728547]], "armWidth": 58.912899, "confidence": 0.894305, "direction": [-0.230985, 0.502794, -0.832973], "elbow": [-215.391571, -29.43494, 284.472015], "grabAngle": 1.700337, "grabStrength": 0.0, "id": 13, "palmNormal": [0.254945, 0.857489, 0.446895], "palmPosition": [-124.43132, 152.891281, 44.108181], "palmVelocity": [64.887329, 23.678255, 21.181831], "palmWidth": 84.125618, "pinchDistance": 72.832207, "pinchStrength": 1.0, "timeVisible": 82.34153, "type": "right", "wrist": [-122.036125, 113.828659, 102.60421]}], "id": 16656, "pointables": [{"bases": [[[-0.964415, 0.192007, 0.181763], [-0.262516, -0.777194, -0.571886], [0.031459, -0.599251, 0.799943]], [[-0.959051, 0.163978, 0.230939], [-0.236806, -0.911543, -0.336173], [0.155385, -0.377095, 0.913047]], [[-0.95945, 0.164983, 0.228553], [-0.239048, -0.905899, -0.349576], [0.149372, -0.390036, 0.908603]], [[-0.959798, 0.1658, 0.226491], [-0.230272, -0.92651, -0.297581], [0.160507, -0.337772, 0.927441]]], "btipPosition": [-119.826889, 186.380112, -49.316944], "carpPosition": [-106.490509, 118.460091, 71.371742], "dipPosition": [-117.930779, 182.389923, -38.360844], "direction": [-0.149372, 0.390036, -0.908603], "extended": true, "handId": 13, "id": 131, "length": 53.028015, "mcpPosition": [-108.630333, 159.220825, 16.9601], "pipPosition": [-114.684273, 173.912735, -18.612926], "timeVisible": 82.34153, "tipPosition": [-119.826889, 186.380112, -49.316944], "type": 1, "width": 17.88356}, {"bases": [[[-0.89232, 0.238941, 0.382979], [-0.421028, -0.746512, -0.515223], [0.16279, -0.620988, 0.766729]], [[-0.893905, 0.243568, 0.37631], [-0.390936, -0.834358, -0.388607], [0.219325, -0.494491, 0.841056]], [[-0.894039, 0.24389, 0.375782], [-0.398586, -0.815972, -0.418711], [0.204508, -0.524126, 0.826722]], [[-0.894039, 0.24389, 0.375782], [-0.398586, -0.815972, -0.418711], [0.204508, -0.524126, 0.826722]]], "btipPosition": [-145.870834, 201.849808, -46.34166], "carpPosition": [-117.932693, 120.050194, 71.620644], "dipPosition": [-143.22258, 195.062698, -35.636112], "direction": [-0.204508, 0.524126, -0.826722], "extended": true, "handId": 13, "id": 132, "length": 60.315323, "mcpPosition": [-128.433426, 160.106812, 22.16309], "pipPosition": [-137.992523, 181.658798, -14.493682], "timeVisible": 82.34153, "tipPosition": [-145.870834, 201.849808, -46.34166], "type": 2, "width": 17.564032}, {"bases": [[[-0.650938, -0.624934, -0.430972], [0.731801, -0.667536, -0.137344], [-0.201859, -0.404788, 0.891852]], [[-0.55928, -0.406412, -0.72252], [0.78213, -0.547546, -0.297432], [-0.274733, -0.731453, 0.624098]], [[-0.554374, -0.440277, -0.706276], [0.662131, 0.280822, -0.694782], [0.504234, -0.852816, 0.13584]], [[-0.522554, -0.46435, -0.715064], [-0.116189, 0.86964, -0.479819], [0.844653, -0.167649, -0.508386]]], "btipPosition": [-111.343987, 193.317062, 58.583794], "carpPosition": [-94.122948, 129.983826, 83.188171], "dipPosition": [-97.308884, 190.531342, 50.136242], "direction": [-0.504234, 0.852816, -0.13584], "extended": false, "handId": 13, "id": 130, "length": 48.060833, "mcpPosition": [-94.122948, 129.983826, 83.188171], "pipPosition": [-81.453537, 163.715042, 54.407658], "timeVisible": 82.34153, "tipPosition": [-111.343987, 193.317062, 58.583794], "type": 0, "width": 18.722319}, {"bases": [[[-0.824343, 0.200544, 0.529377], [-0.4783, -0.746949, -0.46184], [0.302799, -0.633916, 0.711662]], [[-0.825259, 0.243099, 0.509755], [-0.496884, 0.11647, -0.859966], [-0.268428, -0.962984, 0.024674]], [[-0.843255, 0.220502, 0.490204], [0.1871, 0.975363, -0.116882], [-0.503899, -0.006845, -0.863735]], [[-0.851792, 0.233121, 0.469154], [0.520152, 0.483004, 0.704379], [-0.062397, 0.844015, -0.532677]]], "btipPosition": [-120.772438, 189.433014, 61.960663], "carpPosition": [-127.978882, 124.206978, 75.019478], "dipPosition": [-121.60096, 200.639969, 54.887707], "direction": [0.503899, 0.006845, 0.863735], "extended": false, "handId": 13, "id": 133, "length": 59.393726, "mcpPosition": [-145.515274, 160.91983, 33.803993], "pipPosition": [-134.492233, 200.464859, 32.790741], "timeVisible": 82.34153, "tipPosition": [-120.772438, 189.433014, 61.960663], "type": 3, "width": 16.713289}, {"bases": [[[-0.69332, 0.24647, 0.67717], [-0.57205, -0.759715, -0.30918], [0.438253, -0.601736, 0.667719]], [[-0.698737, 0.320208, 0.639713], [-0.637247, 0.127762, -0.759995], [-0.325088, -0.938693, 0.114779]], [[-0.744871, 0.2681, 0.610975], [0.088294, 0.947272, -0.308026], [-0.661341, -0.175494, -0.729267]], [[-0.778073, 0.302874, 0.550336], [0.628155, 0.381848, 0.677947], [-0.004812, 0.873189, -0.487358]]], "btipPosition": [-136.773102, 185.594696, 63.227009], "carpPosition": [-135.902832, 130.222107, 83.616455], "dipPosition": [-136.832153, 196.309723, 57.246574], "direction": [0.661341, 0.175494, 0.729267], "extended": false, "handId": 13, "id": 134, "length": 46.668026, "mcpPosition": [-159.397888, 162.481613, 47.819561], "pipPosition": [-148.780609, 193.139069, 44.0709], "timeVisible": 82.34153, "tipPosition": [-136.773102, 185.594696, 63.227009], "type": 4, "width": 14.84605}], "timestamp": 83892469293, "label": 10}, {"currentFrameRate": 105.057533, "devices": [], "hands": [{"armBasis": [[-0.881799, 0.471623, 0.001796], [-0.329382, -0.613113, -0.718053], [-0.337549, -0.63377, 0.695986]], "armWidth": 58.912899, "confidence": 0.893076, "direction": [-0.227577, 0.50994, -0.82956], "elbow": [-203.168411, -44.498821, 276.193909], "grabAngle": 1.685699, "grabStrength": 0.0, "id": 13, "palmNormal": [0.26551, 0.85213, 0.450975], "palmPosition": [-121.454689, 153.702881, 44.565571], "palmVelocity": [7.38989, 3.056704, -1.690099], "palmWidth": 84.125618, "pinchDistance": 72.347717, "pinchStrength": 1.0, "timeVisible": 82.445656, "type": "right", "wrist": [-118.905785, 113.709648, 102.454185]}], "id": 16666, "pointables": [{"bases": [[[-0.961774, 0.201575, 0.185359], [-0.272518, -0.771061, -0.575498], [0.026917, -0.604013, 0.79652]], [[-0.956673, 0.174349, 0.233196], [-0.246046, -0.912328, -0.32729], [0.155688, -0.370486, 0.915697]], [[-0.957061, 0.175304, 0.230876], [-0.248031, -0.907445, -0.339151], [0.150053, -0.381853, 0.911961]], [[-0.957011, 0.175179, 0.231177], [-0.246567, -0.911095, -0.330318], [0.152759, -0.373119, 0.915121]]], "btipPosition": [-116.796944, 187.178421, -48.933357], "carpPosition": [-103.828598, 118.938034, 71.58802], "dipPosition": [-114.991402, 182.768341, -38.117069], "direction": [-0.150053, 0.381853, -0.911961], "extended": true, "handId": 13, "id": 131, "length": 53.056511, "mcpPosition": [-105.659477, 160.022659, 17.409201], "pipPosition": [-111.728203, 174.464188, -18.284639], "timeVisible": 82.445656, "tipPosition": [-116.796944, 187.178421, -48.933357], "type": 1, "width": 17.88356}, {"bases": [[[-0.888651, 0.246591, 0.386642], [-0.430537, -0.738956, -0.518249], [0.157916, -0.627006, 0.762841]], [[-0.891904, 0.256596, 0.372377], [-0.401544, -0.82812, -0.391127], [0.208011, -0.498374, 0.841638]], [[-0.892113, 0.257135, 0.371506], [-0.409648, -0.807185, -0.425018], [0.190587, -0.531351, 0.825435]], [[-0.892113, 0.257135, 0.371506], [-0.409648, -0.807186, -0.425018], [0.190587, -0.53135, 0.825435]]], "btipPosition": [-141.857285, 203.291534, -45.85466], "carpPosition": [-115.25518, 120.636017, 71.865204], "dipPosition": [-139.387787, 196.406662, -35.159237], "direction": [-0.190587, 0.531351, -0.825435], "extended": true, "handId": 13, "id": 132, "length": 60.345413, "mcpPosition": [-125.441475, 161.080811, 22.658443], "pipPosition": [-134.51123, 182.810989, -14.038823], "timeVisible": 82.445656, "tipPosition": [-141.857285, 203.291534, -45.85466], "type": 2, "width": 17.564032}, {"bases": [[[-0.658878, -0.615331, -0.432722], [0.724058, -0.67476, -0.142968], [-0.20401, -0.407514, 0.890119]], [[-0.573826, -0.407013, -0.710679], [0.776254, -0.546917, -0.313548], [-0.261064, -0.731589, 0.629781]], [[-0.568835, -0.440671, -0.694432], [0.655575, 0.266914, -0.706384], [0.496636, -0.857068, 0.137064]], [[-0.537584, -0.465334, -0.703184], [-0.100053, 0.863247, -0.494766], [0.837253, -0.195622, -0.510626]]], "btipPosition": [-108.747452, 194.177551, 58.593857], "carpPosition": [-91.26059, 130.243896, 83.460922], "dipPosition": [-94.836975, 190.927399, 50.110104], "direction": [-0.496636, 0.857068, -0.137064], "extended": false, "handId": 13, "id": 130, "length": 48.055809, "mcpPosition": [-91.26059, 130.243896, 83.460922], "pipPosition": [-79.222038, 163.97998, 54.419571], "timeVisible": 82.445656, "tipPosition": [-108.747452, 194.177551, 58.593857], "type": 0, "width": 18.722319}, {"bases": [[[-0.820726, 0.206634, 0.532646], [-0.487673, -0.739061, -0.464719], [0.297631, -0.641164, 0.707336]], [[-0.822041, 0.253596, 0.50984], [-0.510316, 0.069147, -0.857203], [-0.252637, -0.964836, 0.072573]], [[-0.83978, 0.229659, 0.491962], [0.157385, 0.970196, -0.184253], [-0.519615, -0.077305, -0.850896]], [[-0.849291, 0.242311, 0.469031], [0.524991, 0.481184, 0.70203], [-0.055581, 0.842465, -0.535876]]], "btipPosition": [-118.063835, 192.428391, 60.272045], "carpPosition": [-125.23587, 124.883469, 75.327614], "dipPosition": [-118.802208, 203.6203, 53.153084], "direction": [0.519615, 0.077305, 0.850896], "extended": false, "handId": 13, "id": 133, "length": 59.40593, "mcpPosition": [-142.473007, 162.016083, 34.362698], "pipPosition": [-132.097061, 201.64238, 31.382097], "timeVisible": 82.445656, "tipPosition": [-118.063835, 192.428391, 60.272045], "type": 3, "width": 16.713289}, {"bases": [[[-0.688827, 0.250292, 0.680347], [-0.581165, -0.751647, -0.311886], [0.433318, -0.61023, 0.663216]], [[-0.694286, 0.323372, 0.64296], [-0.645848, 0.114255, -0.754868], [-0.317565, -0.939349, 0.129523]], [[-0.735921, 0.27523, 0.618602], [0.067319, 0.938866, -0.337636], [-0.673712, -0.20683, -0.70946]], [[-0.768142, 0.305505, 0.562694], [0.639779, 0.400973, 0.65567], [-0.025315, 0.863647, -0.50346]]], "btipPosition": [-133.447739, 187.472855, 63.184738], "carpPosition": [-133.068817, 130.945358, 83.974922], "dipPosition": [-133.758392, 198.071213, 57.006462], "direction": [0.673712, 0.20683, 0.70946], "extended": false, "handId": 13, "id": 134, "length": 46.664505, "mcpPosition": [-156.299332, 163.660217, 48.419441], "pipPosition": [-145.929214, 194.334763, 44.189838], "timeVisible": 82.445656, "tipPosition": [-133.447739, 187.472855, 63.184738], "type": 4, "width": 14.84605}], "timestamp": 83892573418, "label": 10}, {"currentFrameRate": 105.755081, "devices": [], "hands": [{"armBasis": [[-0.88204, 0.471173, -0.00121], [-0.325651, -0.611473, -0.721147], [-0.340525, -0.635686, 0.692781]], "armWidth": 58.912899, "confidence": 0.892583, "direction": [-0.233669, 0.507961, -0.82908], "elbow": [-205.290863, -45.197067, 275.324799], "grabAngle": 1.703723, "grabStrength": 0.0, "id": 13, "palmNormal": [0.258405, 0.854465, 0.450685], "palmPosition": [-123.194054, 153.47403, 44.520199], "palmVelocity": [-34.016457, -19.454807, -17.233221], "palmWidth": 84.125618, "pinchDistance": 72.235992, "pinchStrength": 1.0, "timeVisible": 82.540932, "type": "right", "wrist": [-120.285309, 113.489799, 102.385117]}], "id": 16676, "pointables": [{"bases": [[[-0.963277, 0.192669, 0.187019], [-0.26637, -0.773443, -0.575181], [0.03383, -0.603875, 0.796361]], [[-0.958597, 0.167851, 0.23004], [-0.240809, -0.908988, -0.340223], [0.151997, -0.381532, 0.911773]], [[-0.958952, 0.168773, 0.227873], [-0.24281, -0.903795, -0.352417], [0.146472, -0.393281, 0.907676]], [[-0.958961, 0.168795, 0.227821], [-0.237456, -0.917191, -0.319962], [0.154948, -0.360928, 0.919631]]], "btipPosition": [-118.457603, 187.626099, -48.824905], "carpPosition": [-105.213806, 118.857101, 71.499992], "dipPosition": [-116.625778, 183.359131, -37.952835], "direction": [-0.146472, 0.393281, -0.907676], "extended": true, "handId": 13, "id": 131, "length": 53.063541, "mcpPosition": [-107.51487, 159.932327, 17.331968], "pipPosition": [-113.439934, 174.805054, -18.210377], "timeVisible": 82.540932, "tipPosition": [-118.457603, 187.626099, -48.824905], "type": 1, "width": 17.88356}, {"bases": [[[-0.890232, 0.238323, 0.388187], [-0.424582, -0.742805, -0.517659], [0.164977, -0.625653, 0.762457]], [[-0.892573, 0.245148, 0.37844], [-0.393709, -0.832826, -0.389094], [0.219788, -0.49629, 0.839874]], [[-0.892755, 0.245589, 0.377724], [-0.402084, -0.812536, -0.422035], [0.203267, -0.52865, 0.824143]], [[-0.892755, 0.245589, 0.377724], [-0.402084, -0.812536, -0.422035], [0.203267, -0.52865, 0.824143]]], "btipPosition": [-144.702377, 202.857666, -45.779217], "carpPosition": [-116.638237, 120.473907, 71.806015], "dipPosition": [-142.067764, 196.005661, -35.097237], "direction": [-0.203267, 0.52865, -0.824143], "extended": true, "handId": 13, "id": 132, "length": 60.36095, "mcpPosition": [-127.280045, 160.831451, 22.624027], "pipPosition": [-136.865387, 182.475494, -14.004295], "timeVisible": 82.540932, "tipPosition": [-144.702377, 202.857666, -45.779217], "type": 2, "width": 17.564032}, {"bases": [[[-0.653908, -0.621305, -0.431723], [0.730004, -0.668032, -0.144315], [-0.198741, -0.409529, 0.890387]], [[-0.569129, -0.409201, -0.713194], [0.780564, -0.541539, -0.312178], [-0.258479, -0.734363, 0.627614]], [[-0.563964, -0.442935, -0.69696], [0.655935, 0.272466, -0.703926], [0.501691, -0.854149, 0.136875]], [[-0.532379, -0.46745, -0.705736], [-0.1062, 0.864, -0.492164], [0.839818, -0.187069, -0.509619]]], "btipPosition": [-110.508751, 194.122223, 58.59597], "carpPosition": [-92.700066, 130.292419, 83.374352], "dipPosition": [-96.554955, 191.014023, 50.128521], "direction": [-0.501691, 0.854149, -0.136875], "extended": false, "handId": 13, "id": 130, "length": 48.057983, "mcpPosition": [-92.700066, 130.292419, 83.374352], "pipPosition": [-80.780426, 164.157242, 54.432247], "timeVisible": 82.540932, "tipPosition": [-110.508751, 194.122223, 58.59597], "type": 0, "width": 18.722319}, {"bases": [[[-0.821694, 0.198968, 0.534069], [-0.481624, -0.743446, -0.464033], [0.304724, -0.638514, 0.706713]], [[-0.822994, 0.241754, 0.514038], [-0.507104, 0.095106, -0.856621], [-0.25598, -0.965666, 0.044323]], [[-0.840373, 0.219234, 0.495692], [0.172003, 0.975143, -0.139679], [-0.513993, -0.032122, -0.857193]], [[-0.849185, 0.232115, 0.474349], [0.525624, 0.458284, 0.716725], [-0.051024, 0.857962, -0.511173]]], "btipPosition": [-119.962921, 190.684525, 61.254879], "carpPosition": [-126.657684, 124.62027, 75.280533], "dipPosition": [-120.640694, 202.081192, 54.464752], "direction": [0.513993, 0.032122, 0.857193], "extended": false, "handId": 13, "id": 133, "length": 59.405926, "mcpPosition": [-144.305573, 161.59938, 34.351665], "pipPosition": [-133.79248, 201.259277, 32.53133], "timeVisible": 82.540932, "tipPosition": [-119.962921, 190.684525, 61.254879], "type": 3, "width": 16.713289}, {"bases": [[[-0.689954, 0.243816, 0.681555], [-0.574738, -0.75692, -0.311045], [0.440045, -0.606322, 0.66237]], [[-0.69581, 0.316517, 0.644722], [-0.645263, 0.118723, -0.754679], [-0.315412, -0.941128, 0.121628]], [[-0.739672, 0.266242, 0.618062], [0.076167, 0.945632, -0.316195], [-0.668643, -0.186805, -0.719736]], [[-0.772489, 0.299279, 0.560083], [0.634878, 0.383174, 0.670901], [-0.013823, 0.873848, -0.486003]]], "btipPosition": [-135.57193, 186.497452, 63.428749], "carpPosition": [-134.531799, 130.605133, 83.943268], "dipPosition": [-135.741562, 197.221161, 57.464603], "direction": [0.668643, 0.186805, 0.719736], "extended": false, "handId": 13, "id": 134, "length": 46.668198, "mcpPosition": [-158.122925, 163.110504, 48.433128], "pipPosition": [-147.822098, 193.846115, 44.460964], "timeVisible": 82.540932, "tipPosition": [-135.57193, 186.497452, 63.428749], "type": 4, "width": 14.84605}], "timestamp": 83892668699, "label": 10}, {"currentFrameRate": 106.490181, "devices": [], "hands": [{"armBasis": [[-0.881194, 0.472629, -0.010903], [-0.324443, -0.62136, -0.713196], [-0.343852, -0.624927, 0.70088]], "armWidth": 58.912899, "confidence": 0.895604, "direction": [-0.242706, 0.50103, -0.8307], "elbow": [-206.02034, -43.065559, 277.395477], "grabAngle": 1.714923, "grabStrength": 0.0, "id": 13, "palmNormal": [0.254125, 0.859237, 0.443995], "palmPosition": [-123.627396, 152.465866, 44.299332], "palmVelocity": [22.119757, 9.327925, -19.17794], "palmWidth": 84.125618, "pinchDistance": 72.36718, "pinchStrength": 1.0, "timeVisible": 82.644951, "type": "right", "wrist": [-120.184296, 112.935539, 102.43425]}], "id": 16687, "pointables": [{"bases": [[[-0.963683, 0.185998, 0.191623], [-0.263487, -0.779037, -0.568925], [0.043462, -0.598754, 0.799753]], [[-0.960237, 0.167828, 0.223112], [-0.239358, -0.906243, -0.348469], [0.143711, -0.388017, 0.910379]], [[-0.960518, 0.16861, 0.221307], [-0.241134, -0.901297, -0.359887], [0.138782, -0.399042, 0.906369]], [[-0.960487, 0.16853, 0.221501], [-0.234843, -0.917853, -0.319992], [0.149377, -0.359366, 0.921164]]], "btipPosition": [-118.580582, 186.950775, -49.174881], "carpPosition": [-105.229729, 118.149063, 71.366714], "dipPosition": [-116.81279, 182.697876, -38.273422], "direction": [-0.138782, 0.399042, -0.906369], "extended": true, "handId": 13, "id": 131, "length": 53.107635, "mcpPosition": [-108.185997, 158.875946, 16.967958], "pipPosition": [-113.791367, 174.010345, -18.540911], "timeVisible": 82.644951, "tipPosition": [-118.580582, 186.950775, -49.174881], "type": 1, "width": 17.88356}, {"bases": [[[-0.889819, 0.233458, 0.392072], [-0.421598, -0.749333, -0.510642], [0.174579, -0.619675, 0.765196]], [[-0.88996, 0.233841, 0.391521], [-0.389712, -0.835851, -0.386623], [0.236845, -0.49666, 0.835005]], [[-0.890131, 0.234221, 0.390907], [-0.397697, -0.818086, -0.415418], [0.222496, -0.525238, 0.821353]], [[-0.890131, 0.234221, 0.390906], [-0.397697, -0.818087, -0.415417], [0.222496, -0.525238, 0.821353]]], "btipPosition": [-146.821335, 201.62355, -45.768784], "carpPosition": [-116.634331, 119.70002, 71.739204], "dipPosition": [-143.933945, 194.807388, -35.109856], "direction": [-0.222496, 0.525238, -0.821353], "extended": true, "handId": 13, "id": 132, "length": 60.422176, "mcpPosition": [-127.895493, 159.671951, 22.380531], "pipPosition": [-138.233475, 181.350494, -14.066348], "timeVisible": 82.644951, "tipPosition": [-146.821335, 201.62355, -45.768784], "type": 2, "width": 17.564032}, {"bases": [[[-0.65139, -0.629174, -0.424066], [0.734538, -0.662966, -0.144671], [-0.190117, -0.40573, 0.894001]], [[-0.566956, -0.41263, -0.71295], [0.783363, -0.537747, -0.311721], [-0.254761, -0.735231, 0.628118]], [[-0.561335, -0.44746, -0.696191], [0.651387, 0.280018, -0.705184], [0.510488, -0.849334, 0.134286]], [[-0.528554, -0.472324, -0.705365], [-0.118247, 0.863781, -0.489796], [0.840624, -0.175477, -0.512406]]], "btipPosition": [-110.996483, 193.311096, 58.439594], "carpPosition": [-92.722672, 129.778992, 83.114616], "dipPosition": [-97.027046, 190.395035, 49.924465], "direction": [-0.510489, 0.849334, -0.134286], "extended": false, "handId": 13, "id": 130, "length": 48.064938, "mcpPosition": [-92.722672, 129.778992, 83.114616], "pipPosition": [-80.973717, 163.68602, 54.147343], "timeVisible": 82.644951, "tipPosition": [-110.996483, 193.311096, 58.439594], "type": 0, "width": 18.722319}, {"bases": [[[-0.820099, 0.195542, 0.537775], [-0.478314, -0.750111, -0.456672], [0.314092, -0.631741, 0.708695]], [[-0.821231, 0.234728, 0.520079], [-0.50374, 0.129856, -0.854039], [-0.268003, -0.963348, 0.0116]], [[-0.839577, 0.212407, 0.499994], [0.192532, 0.976992, -0.091752], [-0.507979, 0.019232, -0.861155]], [[-0.848134, 0.225311, 0.479482], [0.52529, 0.475239, 0.705846], [-0.068833, 0.850519, -0.52142]]], "btipPosition": [-119.937752, 188.155792, 62.688709], "carpPosition": [-126.670601, 123.777191, 75.248802], "dipPosition": [-120.85186, 199.450745, 55.764214], "direction": [0.507979, -0.019232, 0.861155], "extended": false, "handId": 13, "id": 133, "length": 59.410828, "mcpPosition": [-144.861038, 160.364105, 34.205162], "pipPosition": [-133.850266, 199.942871, 33.728584], "timeVisible": 82.644951, "tipPosition": [-119.937752, 188.155792, 62.688709], "type": 3, "width": 16.713289}, {"bases": [[[-0.687854, 0.242344, 0.684197], [-0.570406, -0.763412, -0.303052], [0.448881, -0.598725, 0.66335]], [[-0.693472, 0.315815, 0.647578], [-0.639754, 0.143483, -0.755068], [-0.331378, -0.937909, 0.102543]], [[-0.745364, 0.259225, 0.614194], [0.104768, 0.955404, -0.276093], [-0.658374, -0.141441, -0.739282]], [[-0.780618, 0.299325, 0.548671], [0.624967, 0.363696, 0.690754], [0.00721, 0.882117, -0.470976]]], "btipPosition": [-135.960388, 184.222687, 64.154655], "carpPosition": [-134.530396, 129.753677, 83.927643], "dipPosition": [-135.871902, 195.047897, 58.374905], "direction": [0.658374, 0.141441, 0.739282], "extended": false, "handId": 13, "id": 134, "length": 46.677505, "mcpPosition": [-158.595261, 161.851776, 48.364948], "pipPosition": [-147.769638, 192.491852, 45.015038], "timeVisible": 82.644951, "tipPosition": [-135.960388, 184.222687, 64.154655], "type": 4, "width": 14.84605}], "timestamp": 83892772718, "label": 10}], [{"currentFrameRate": 106.994476, "devices": [], "hands": [{"armBasis": [[-0.873727, 0.486351, 0.007981], [-0.345967, -0.609828, -0.713033], [-0.341917, -0.625758, 0.701085]], "armWidth": 58.912899, "confidence": 0.899669, "direction": [-0.252289, 0.510551, -0.822002], "elbow": [-206.020508, -43.725647, 279.155884], "grabAngle": 1.725008, "grabStrength": 0.0, "id": 13, "palmNormal": [0.273157, 0.852509, 0.445661], "palmPosition": [-124.68898, 152.516296, 46.396549], "palmVelocity": [-16.064693, 3.0154, -7.338685], "palmWidth": 84.125618, "pinchDistance": 73.43441, "pinchStrength": 1.0, "timeVisible": 82.940178, "type": "right", "wrist": [-120.667374, 112.48288, 104.143501]}], "id": 16719, "pointables": [{"bases": [[[-0.957479, 0.196231, 0.211491], [-0.283907, -0.771209, -0.569766], [0.051298, -0.605583, 0.794127]], [[-0.95553, 0.186331, 0.228569], [-0.257668, -0.904507, -0.339816], [0.143424, -0.383599, 0.912295]], [[-0.955763, 0.186979, 0.227058], [-0.259744, -0.898751, -0.353242], [0.13802, -0.396592, 0.90756]], [[-0.955775, 0.187008, 0.226984], [-0.249205, -0.924825, -0.287394], [0.156175, -0.331249, 0.930529]]], "btipPosition": [-120.135368, 186.461273, -47.456055], "carpPosition": [-106.206711, 117.774033, 72.864578], "dipPosition": [-118.288818, 182.544724, -36.453876], "direction": [-0.13802, 0.396592, -0.90756], "extended": true, "handId": 13, "id": 131, "length": 53.065243, "mcpPosition": [-109.695938, 158.965424, 18.84849], "pipPosition": [-115.286674, 173.918259, -16.713127], "timeVisible": 82.940178, "tipPosition": [-120.135368, 186.461273, -47.456055], "type": 1, "width": 17.88356}, {"bases": [[[-0.879223, 0.241188, 0.410847], [-0.440498, -0.740039, -0.508235], [0.181463, -0.62783, 0.756902]], [[-0.879818, 0.242745, 0.40865], [-0.404974, -0.832927, -0.377131], [0.248829, -0.497299, 0.83113]], [[-0.880016, 0.24317, 0.40797], [-0.41524, -0.810879, -0.412373], [0.230538, -0.5323, 0.81456]], [[-0.880016, 0.243171, 0.40797], [-0.41524, -0.810879, -0.412373], [0.230537, -0.5323, 0.814561]]], "btipPosition": [-149.014832, 202.143066, -43.023865], "carpPosition": [-117.569031, 119.433411, 73.453529], "dipPosition": [-146.026703, 195.243607, -32.465866], "direction": [-0.230538, 0.5323, -0.81456], "extended": true, "handId": 13, "id": 132, "length": 60.362091, "mcpPosition": [-129.274216, 159.931335, 24.629824], "pipPosition": [-140.126251, 181.619751, -11.617759], "timeVisible": 82.940178, "tipPosition": [-149.014832, 202.143066, -43.023865], "type": 2, "width": 17.564032}, {"bases": [[[-0.667093, -0.617773, -0.416345], [0.723388, -0.670721, -0.163839], [-0.178036, -0.410475, 0.894323]], [[-0.581698, -0.391499, -0.712991], [0.771645, -0.542854, -0.331473], [-0.257279, -0.742993, 0.617875]], [[-0.575799, -0.428486, -0.696315], [0.637579, 0.297814, -0.710493], [0.511809, -0.853057, 0.101713]], [[-0.541766, -0.454005, -0.707368], [-0.135953, 0.877825, -0.459283], [0.829461, -0.152655, -0.537299]]], "btipPosition": [-111.442039, 192.750122, 61.615139], "carpPosition": [-93.429085, 129.124573, 84.379005], "dipPosition": [-97.65863, 190.213409, 52.686672], "direction": [-0.511809, 0.853057, -0.101713], "extended": false, "handId": 13, "id": 130, "length": 48.063046, "mcpPosition": [-93.429085, 129.124573, 84.379005], "pipPosition": [-81.56443, 163.388397, 55.885109], "timeVisible": 82.940178, "tipPosition": [-111.442039, 192.750122, 61.615139], "type": 0, "width": 18.722319}, {"bases": [[[-0.807211, 0.201266, 0.55489], [-0.49618, -0.740553, -0.453196], [0.319713, -0.64115, 0.697646]], [[-0.807617, 0.242217, 0.537666], [-0.505371, 0.185578, -0.84271], [-0.303898, -0.952309, -0.027466]], [[-0.830165, 0.218333, 0.512988], [0.236284, 0.97119, -0.030972], [-0.504971, 0.095499, -0.857837]], [[-0.839222, 0.233834, 0.490945], [0.541045, 0.449621, 0.710711], [-0.054551, 0.862069, -0.503847]]], "btipPosition": [-119.879097, 185.976822, 66.5345], "carpPosition": [-127.491631, 123.615631, 77.170799], "dipPosition": [-120.603325, 197.421844, 59.84531], "direction": [0.504971, -0.095499, 0.857837], "extended": false, "handId": 13, "id": 133, "length": 59.402401, "mcpPosition": [-146.007584, 160.747437, 36.767044], "pipPosition": [-133.524353, 199.865448, 37.895279], "timeVisible": 82.940178, "tipPosition": [-119.879097, 185.976822, 66.5345], "type": 3, "width": 16.713289}, {"bases": [[[-0.671629, 0.245282, 0.699108], [-0.585482, -0.753949, -0.297946], [0.454011, -0.609424, 0.649982]], [[-0.676845, 0.319569, 0.663141], [-0.649918, 0.163598, -0.742187], [-0.345669, -0.933334, 0.096963]], [[-0.731404, 0.263686, 0.628902], [0.12629, 0.958641, -0.255065], [-0.670148, -0.107132, -0.734455]], [[-0.766581, 0.3073, 0.563845], [0.641259, 0.32015, 0.697345], [0.033779, 0.896142, -0.44248]]], "btipPosition": [-136.46431, 183.713684, 66.736938], "carpPosition": [-135.113113, 129.613098, 86.047485], "dipPosition": [-136.049774, 194.711197, 61.306801], "direction": [0.670148, 0.107132, 0.734455], "extended": false, "handId": 13, "id": 134, "length": 46.678005, "mcpPosition": [-159.452957, 162.28476, 51.201466], "pipPosition": [-148.160568, 192.775131, 48.033863], "timeVisible": 82.940178, "tipPosition": [-136.46431, 183.713684, 66.736938], "type": 4, "width": 14.84605}], "timestamp": 83893067944, "label": 10}, {"currentFrameRate": 102.597565, "devices": [], "hands": [{"armBasis": [[-0.87526, 0.482892, 0.027137], [-0.354057, -0.601497, -0.716132], [-0.329491, -0.63641, 0.697437]], "armWidth": 58.912899, "confidence": 0.899217, "direction": [-0.262724, 0.510631, -0.818677], "elbow": [-203.830719, -46.888206, 279.062378], "grabAngle": 1.731356, "grabStrength": 0.0, "id": 13, "palmNormal": [0.276115, 0.852788, 0.443298], "palmPosition": [-126.376793, 152.148636, 47.368782], "palmVelocity": [-9.378566, 0.824251, 22.021711], "palmWidth": 84.125618, "pinchDistance": 73.66861, "pinchStrength": 1.0, "timeVisible": 83.043877, "type": "right", "wrist": [-121.579453, 111.979301, 104.960556]}], "id": 16729, "pointables": [{"bases": [[[-0.955507, 0.193764, 0.222401], [-0.288453, -0.771411, -0.567204], [0.061659, -0.60612, 0.79298]], [[-0.953355, 0.183952, 0.239322], [-0.259025, -0.905644, -0.335732], [0.154982, -0.382062, 0.911048]], [[-0.953606, 0.184591, 0.237827], [-0.261224, -0.900036, -0.348852], [0.149658, -0.394794, 0.906499]], [[-0.953486, 0.184314, 0.238522], [-0.250743, -0.924155, -0.28821], [0.16731, -0.334612, 0.927385]]], "btipPosition": [-122.989143, 186.103745, -46.556324], "carpPosition": [-107.51712, 117.431259, 73.596756], "dipPosition": [-121.010262, 182.146088, -35.587574], "direction": [-0.149658, 0.394794, -0.906499], "extended": true, "handId": 13, "id": 131, "length": 53.08152, "mcpPosition": [-111.711113, 158.65918, 19.658712], "pipPosition": [-117.753883, 173.555847, -15.863231], "timeVisible": 83.043877, "tipPosition": [-122.989143, 186.103745, -46.556324], "type": 1, "width": 17.88356}, {"bases": [[[-0.875123, 0.238743, 0.420905], [-0.444416, -0.740667, -0.503892], [0.19145, -0.628024, 0.754276]], [[-0.876156, 0.241358, 0.41725], [-0.409122, -0.83008, -0.378929], [0.254894, -0.502707, 0.826023]], [[-0.876344, 0.241757, 0.416624], [-0.419883, -0.807259, -0.414767], [0.236051, -0.538411, 0.808946]], [[-0.876344, 0.241757, 0.416623], [-0.419883, -0.807259, -0.414767], [0.23605, -0.538411, 0.808946]]], "btipPosition": [-151.450073, 202.266754, -41.576111], "carpPosition": [-118.877007, 119.060318, 74.312653], "dipPosition": [-148.389328, 195.285446, -31.086916], "direction": [-0.236051, 0.538411, -0.808946], "extended": true, "handId": 13, "id": 132, "length": 60.380878, "mcpPosition": [-131.226425, 159.570801, 25.658363], "pipPosition": [-142.34584, 181.500763, -10.375868], "timeVisible": 83.043877, "tipPosition": [-151.450073, 202.266754, -41.576111], "type": 2, "width": 17.564032}, {"bases": [[[-0.670255, -0.61902, -0.409357], [0.723097, -0.668853, -0.172531], [-0.166999, -0.411644, 0.895913]], [[-0.586767, -0.390128, -0.709581], [0.768809, -0.543528, -0.336912], [-0.254238, -0.743221, 0.618858]], [[-0.580746, -0.426936, -0.693152], [0.630353, 0.302976, -0.714745], [0.515159, -0.852016, 0.093169]], [[-0.546959, -0.452044, -0.704622], [-0.146677, 0.880409, -0.450962], [0.82421, -0.143306, -0.547852]]], "btipPosition": [-112.799232, 192.259506, 62.615582], "carpPosition": [-94.625412, 128.80687, 84.981415], "dipPosition": [-99.101509, 189.877869, 53.510715], "direction": [-0.515159, 0.852016, -0.093169], "extended": false, "handId": 13, "id": 130, "length": 48.068047, "mcpPosition": [-94.625412, 128.80687, 84.981415], "pipPosition": [-82.900375, 163.082962, 56.440758], "timeVisible": 83.043877, "tipPosition": [-112.799232, 192.259506, 62.615582], "type": 0, "width": 18.722319}, {"bases": [[[-0.801403, 0.198872, 0.564095], [-0.499475, -0.74136, -0.448231], [0.329057, -0.640965, 0.693459]], [[-0.801624, 0.237121, 0.548792], [-0.505046, 0.222585, -0.833897], [-0.319887, -0.945637, -0.058673]], [[-0.824837, 0.214289, 0.523186], [0.252444, 0.96761, 0.001676], [-0.505881, 0.133457, -0.852217]], [[-0.833709, 0.229799, 0.502117], [0.548474, 0.450102, 0.704687], [-0.064068, 0.862903, -0.501293]]], "btipPosition": [-120.89019, 184.316849, 68.8508], "carpPosition": [-128.767761, 123.21772, 78.143127], "dipPosition": [-121.740608, 195.770813, 62.196758], "direction": [0.505881, -0.133457, 0.852217], "extended": false, "handId": 13, "id": 133, "length": 59.399456, "mcpPosition": [-147.824875, 160.338791, 37.981865], "pipPosition": [-134.68396, 199.185425, 40.392132], "timeVisible": 83.043877, "tipPosition": [-120.89019, 184.316849, 68.8508], "type": 3, "width": 16.713289}, {"bases": [[[-0.664314, 0.243093, 0.706819], [-0.586995, -0.755098, -0.291998], [0.462735, -0.608878, 0.644317]], [[-0.670225, 0.312472, 0.673172], [-0.66427, 0.151937, -0.731888], [-0.330974, -0.937698, 0.105734]], [[-0.718408, 0.262325, 0.644264], [0.109536, 0.957275, -0.267633], [-0.686944, -0.121699, -0.716447]], [[-0.751599, 0.30215, 0.586348], [0.658755, 0.298305, 0.690693], [0.033782, 0.905384, -0.423248]]], "btipPosition": [-138.287857, 183.551407, 67.262413], "carpPosition": [-136.292419, 129.190308, 87.115822], "dipPosition": [-137.87323, 194.663879, 62.067558], "direction": [0.686944, 0.121699, 0.716447], "extended": false, "handId": 13, "id": 134, "length": 46.679829, "mcpPosition": [-161.099991, 161.832703, 52.573528], "pipPosition": [-150.288071, 192.464462, 49.119518], "timeVisible": 83.043877, "tipPosition": [-138.287857, 183.551407, 67.262413], "type": 4, "width": 14.84605}], "timestamp": 83893171645, "label": 10}, {"currentFrameRate": 95.526299, "devices": [], "hands": [{"armBasis": [[-0.878838, 0.476623, 0.021768], [-0.346501, -0.606215, -0.71585], [-0.327995, -0.636658, 0.697915]], "armWidth": 58.912899, "confidence": 0.899079, "direction": [-0.268185, 0.509478, -0.817624], "elbow": [-206.16777, -47.679821, 279.886353], "grabAngle": 1.732534, "grabStrength": 0.0, "id": 13, "palmNormal": [0.266272, 0.854853, 0.445337], "palmPosition": [-129.462799, 151.44783, 48.130672], "palmVelocity": [-17.924011, -0.320896, -24.102417], "palmWidth": 84.125618, "pinchDistance": 73.414642, "pinchStrength": 1.0, "timeVisible": 83.148109, "type": "right", "wrist": [-124.290154, 111.249809, 105.665169]}], "id": 16738, "pointables": [{"bases": [[[-0.957723, 0.182425, 0.222457], [-0.279484, -0.77334, -0.569064], [0.068224, -0.607179, 0.791631]], [[-0.955608, 0.172984, 0.238516], [-0.250254, -0.903802, -0.347152], [0.15552, -0.391431, 0.906971]], [[-0.95585, 0.173612, 0.237085], [-0.252351, -0.898354, -0.359553], [0.150564, -0.403507, 0.902504]], [[-0.955816, 0.173532, 0.23728], [-0.242101, -0.922525, -0.300556], [0.166741, -0.344723, 0.923777]]], "btipPosition": [-126.181259, 186.30986, -45.514851], "carpPosition": [-110.225029, 116.881714, 74.279343], "dipPosition": [-124.208244, 182.23082, -34.583961], "direction": [-0.150564, 0.403507, -0.902504], "extended": true, "handId": 13, "id": 131, "length": 53.10033, "mcpPosition": [-114.865585, 158.181702, 20.433083], "pipPosition": [-120.93084, 173.447449, -14.938648], "timeVisible": 83.148109, "tipPosition": [-126.181259, 186.30986, -45.514851], "type": 1, "width": 17.88356}, {"bases": [[[-0.877929, 0.22786, 0.421095], [-0.43581, -0.744508, -0.505744], [0.19827, -0.627525, 0.752929]], [[-0.878022, 0.228098, 0.420771], [-0.405435, -0.821672, -0.400596], [0.25436, -0.522327, 0.813926]], [[-0.878198, 0.228477, 0.420199], [-0.413542, -0.804118, -0.427057], [0.240316, -0.54881, 0.800659]], [[-0.878198, 0.228477, 0.420199], [-0.413542, -0.804118, -0.427057], [0.240317, -0.54881, 0.800659]]], "btipPosition": [-154.763306, 202.84082, -39.987026], "carpPosition": [-121.599365, 118.38855, 74.999222], "dipPosition": [-151.645355, 195.720367, -29.598999], "direction": [-0.240316, 0.54881, -0.800659], "extended": true, "handId": 13, "id": 132, "length": 60.411011, "mcpPosition": [-134.388672, 158.866791, 26.431814], "pipPosition": [-145.489502, 181.662262, -9.08962], "timeVisible": 83.148109, "tipPosition": [-154.763306, 202.84082, -39.987026], "type": 2, "width": 17.564032}, {"bases": [[[-0.663047, -0.625642, -0.411024], [0.730692, -0.660226, -0.173756], [-0.16266, -0.41554, 0.894912]], [[-0.580502, -0.393893, -0.712647], [0.774589, -0.536984, -0.334156], [-0.251058, -0.745987, 0.616826]], [[-0.574401, -0.430206, -0.69641], [0.632938, 0.30608, -0.711129], [0.519089, -0.849257, 0.096481]], [[-0.54082, -0.454896, -0.707519], [-0.146634, 0.879253, -0.453225], [0.828258, -0.141367, -0.542221]]], "btipPosition": [-116