[[{"currentFrameRate": 115.341888, "devices": [], "hands": [{"armBasis": [[-0.720912, 0.692863, 0.015044], [-0.511635, -0.517454, -0.685909], [-0.467457, -0.502177, 0.727532]], "armWidth": 56.508671, "confidence": 0.787515, "direction": [0.251005, 0.287472, -0.924314], "elbow": [-311.768982, 104.088982, 118.290688], "grabAngle": 3.141593, "grabStrength": 1.0, "id": 210, "palmNormal": [0.643561, 0.66372, 0.381189], "palmPosition": [-173.468292, 243.664093, -114.928322], "palmVelocity": [-19.343462, -12.96843, -51.210449], "palmWidth": 80.692467, "pinchDistance": 33.836407, "pinchStrength": 0.0, "timeVisible": 2.652131, "type": "right", "wrist": [-199.839493, 224.331985, -55.912098]}], "id": 276151, "pointables": [{"bases": [[[-0.8176, -0.259685, -0.513901], [0.196152, -0.964752, 0.175438], [-0.541346, 0.042636, 0.839718]], [[-0.470138, -0.319388, -0.822777], [-0.030214, -0.925856, 0.376666], [-0.882076, 0.201944, 0.42563]], [[-0.46624, -0.32015, -0.824697], [0.024052, -0.936463, 0.34994], [-0.884331, 0.143321, 0.444317]], [[-0.460266, -0.320812, -0.827789], [0.107148, -0.945683, 0.306926], [-0.881291, 0.052572, 0.46964]]], "btipPosition": [-97.175606, 209.027786, -104.785774], "carpPosition": [-169.456619, 221.815857, -68.78907], "dipPosition": [-109.850128, 209.783859, -98.031525], "direction": [0.884331, -0.143321, -0.444317], "extended": true, "handId": 210, "id": 2100, "length": 41.680202, "mcpPosition": [-169.456619, 221.815857, -68.78907], "pipPosition": [-133.990997, 213.696289, -85.902374], "timeVisible": 2.652131, "tipPosition": [-97.175606, 209.027786, -104.785774], "type": 0, "width": 17.958265}, {"bases": [[[-0.670658, 0.728997, -0.137046], [-0.581726, -0.631537, -0.512597], [-0.460231, -0.264053, 0.847622]], [[-0.696205, 0.706594, -0.126583], [0.374099, 0.206639, -0.904074], [-0.612657, -0.676776, -0.408199]], [[-0.649146, 0.758255, 0.060482], [0.706515, 0.571564, 0.417314], [0.281861, 0.313629, -0.906747]], [[-0.691161, 0.71167, 0.125785], [0.408731, 0.241388, 0.880154], [0.596016, 0.65974, -0.45772]]], "btipPosition": [-144.563583, 242.741913, -99.667351], "carpPosition": [-184.077637, 215.092743, -81.033234], "dipPosition": [-138.265961, 249.71286, -104.503708], "direction": [-0.281861, -0.313629, 0.906747], "extended": false, "handId": 210, "id": 2101, "length": 47.401169, "mcpPosition": [-154.050507, 232.320541, -136.335114], "pipPosition": [-132.777161, 255.820297, -122.161179], "timeVisible": 2.652131, "tipPosition": [-144.563583, 242.741913, -99.667351], "type": 1, "width": 17.153734}, {"bases": [[[-0.617608, 0.783529, 0.068137], [-0.696697, -0.504843, -0.509653], [-0.364929, -0.362237, 0.857678]], [[-0.629601, 0.773536, 0.072417], [0.330434, 0.350972, -0.876146], [-0.703147, -0.527694, -0.476575]], [[-0.591436, 0.782242, 0.195703], [0.751729, 0.447079, 0.484792], [0.29173, 0.43384, -0.852453]], [[-0.614997, 0.754345, 0.229656], [0.49163, 0.139105, 0.859622], [0.616505, 0.641571, -0.456408]]], "btipPosition": [-155.209641, 248.566116, -93.613098], "carpPosition": [-191.073166, 223.18309, -83.753639], "dipPosition": [-148.056366, 256.010223, -98.908768], "direction": [-0.29173, -0.43384, 0.852453], "extended": false, "handId": 210, "id": 2102, "length": 53.797977, "mcpPosition": [-168.494202, 245.595474, -136.820068], "pipPosition": [-141.372986, 265.949249, -118.437996], "timeVisible": 2.652131, "tipPosition": [-155.209641, 248.566116, -93.613098], "type": 2, "width": 16.847246}, {"bases": [[[-0.61029, 0.757496, 0.231834], [-0.75032, -0.458864, -0.475882], [-0.254098, -0.464375, 0.848404]], [[-0.618443, 0.74952, 0.23611], [0.100591, 0.373494, -0.922162], [-0.779365, -0.546554, -0.30638]], [[-0.616553, 0.750021, 0.239438], [0.783472, 0.554476, 0.280585], [0.077682, 0.360589, -0.929484]], [[-0.617637, 0.748562, 0.241205], [0.391285, 0.026437, 0.91989], [0.682218, 0.662538, -0.309229]]], "btipPosition": [-164.611359, 261.895294, -95.617058], "carpPosition": [-196.955902, 232.285675, -83.787125], "dipPosition": [-156.711761, 269.567017, -99.197708], "direction": [-0.077682, -0.360589, 0.929484], "extended": false, "handId": 210, "id": 2103, "length": 51.796082, "mcpPosition": [-182.840515, 258.082123, -130.916748], "pipPosition": [-154.976303, 277.622772, -119.962914], "timeVisible": 2.652131, "tipPosition": [-164.611359, 261.895294, -95.617058], "type": 3, "width": 16.031223}, {"bases": [[[-0.503177, 0.763993, 0.40389], [-0.85559, -0.374671, -0.357193], [-0.121567, -0.525296, 0.842191]], [[-0.492566, 0.778105, 0.389784], [-0.468032, 0.140755, -0.87243], [-0.733706, -0.612161, 0.294847]], [[-0.521537, 0.765702, 0.376431], [0.692468, 0.637606, -0.337561], [-0.498485, 0.084616, -0.862759]], [[-0.517284, 0.781712, 0.348343], [0.511424, -0.044002, 0.858201], [0.686194, 0.622085, -0.377025]]], "btipPosition": [-173.488586, 279.54248, -113.145477], "carpPosition": [-201.148407, 243.107697, -79.116241], "dipPosition": [-166.127991, 286.215393, -117.189705], "direction": [0.498485, -0.084616, 0.862759], "extended": false, "handId": 210, "id": 2104, "length": 40.76403, "mcpPosition": [-194.897079, 270.119934, -122.424141], "pipPosition": [-174.003555, 287.552246, -130.820419], "timeVisible": 2.652131, "tipPosition": [-173.488586, 279.54248, -113.145477], "type": 4, "width": 14.240186}], "timestamp": 2770429970, "label": 16}, {"currentFrameRate": 115.301277, "devices": [], "hands": [{"armBasis": [[-0.717484, 0.696557, 0.005008], [-0.512204, -0.522692, -0.681499], [-0.472085, -0.49153, 0.731802]], "armWidth": 56.508671, "confidence": 0.79021, "direction": [0.233469, 0.294299, -0.926758], "elbow": [-314.005341, 107.380692, 119.319756], "grabAngle": 3.141593, "grabStrength": 1.0, "id": 210, "palmNormal": [0.638165, 0.672734, 0.374399], "palmPosition": [-175.509109, 244.811859, -115.218147], "palmVelocity": [-25.451752, 9.699136, -10.429566], "palmWidth": 80.692467, "pinchDistance": 34.271473, "pinchStrength": 0.0, "timeVisible": 2.747574, "type": "right", "wrist": [-200.967606, 225.074249, -55.905525]}], "id": 276162, "pointables": [{"bases": [[[-0.820452, -0.271123, -0.50334], [0.213924, -0.962033, 0.169498], [-0.530184, 0.031389, 0.847301]], [[-0.470141, -0.323967, -0.820983], [-0.008689, -0.928452, 0.371351], [-0.882548, 0.181721, 0.433688]], [[-0.466302, -0.324642, -0.822904], [0.040271, -0.937054, 0.346855], [-0.883709, 0.1286, 0.450024]], [[-0.460202, -0.325237, -0.826096], [0.117963, -0.944633, 0.30619], [-0.879942, 0.04346, 0.473088]]], "btipPosition": [-98.429085, 211.489792, -105.666725], "carpPosition": [-170.596558, 222.918945, -69.189896], "dipPosition": [-111.056313, 212.113449, -98.877876], "direction": [0.883709, -0.1286, -0.450024], "extended": true, "handId": 210, "id": 2100, "length": 41.601501, "mcpPosition": [-170.596558, 222.918945, -69.189896], "pipPosition": [-135.138641, 215.617981, -86.614082], "timeVisible": 2.747574, "tipPosition": [-98.429085, 211.489792, -105.666725], "type": 0, "width": 17.958265}, {"bases": [[[-0.684032, 0.718611, -0.125292], [-0.57869, -0.639162, -0.506547], [-0.444092, -0.273989, 0.853061]], [[-0.712631, 0.692457, -0.112519], [0.341813, 0.202659, -0.917656], [-0.612635, -0.692411, -0.381112]], [[-0.66243, 0.745979, 0.06857], [0.705179, 0.590065, 0.393123], [0.2528, 0.308771, -0.916926]], [[-0.703168, 0.697986, 0.135537], [0.408879, 0.240997, 0.880192], [0.581698, 0.674342, -0.454853]]], "btipPosition": [-146.033127, 244.709549, -101.08905], "carpPosition": [-185.212418, 215.926727, -81.319382], "dipPosition": [-139.889572, 251.831558, -105.892944], "direction": [-0.2528, -0.308771, 0.916926], "extended": false, "handId": 210, "id": 2101, "length": 47.389656, "mcpPosition": [-156.238266, 233.802734, -136.976105], "pipPosition": [-134.967926, 257.842865, -123.74411], "timeVisible": 2.747574, "tipPosition": [-146.033127, 244.709549, -101.08905], "type": 1, "width": 17.153734}, {"bases": [[[-0.628999, 0.773349, 0.079313], [-0.695613, -0.514331, -0.501585], [-0.347107, -0.370668, 0.861465]], [[-0.641577, 0.762437, 0.084074], [0.308597, 0.356904, -0.881696], [-0.702244, -0.539731, -0.464267]], [[-0.601425, 0.771446, 0.207745], [0.750269, 0.456005, 0.478702], [0.27456, 0.443768, -0.853045]], [[-0.624194, 0.742876, 0.241904], [0.499801, 0.14171, 0.854469], [0.600484, 0.654258, -0.459744]]], "btipPosition": [-157.041824, 249.9655, -94.411186], "carpPosition": [-192.323257, 223.985718, -83.862221], "dipPosition": [-150.080627, 257.550079, -99.740837], "direction": [-0.27456, -0.443768, 0.853045], "extended": false, "handId": 210, "id": 2102, "length": 53.756908, "mcpPosition": [-170.847, 246.919739, -137.162979], "pipPosition": [-143.79277, 267.713074, -119.276924], "timeVisible": 2.747574, "tipPosition": [-157.041824, 249.9655, -94.411186], "type": 2, "width": 16.847246}, {"bases": [[[-0.618983, 0.746931, 0.242805], [-0.749485, -0.469318, -0.466919], [-0.234803, -0.470994, 0.850313]], [[-0.626697, 0.738973, 0.247324], [0.048169, 0.353511, -0.934189], [-0.777773, -0.573541, -0.25714]], [[-0.628413, 0.738431, 0.244575], [0.777303, 0.583994, 0.233989], [0.029955, 0.337151, -0.940974]], [[-0.627458, 0.739781, 0.24294], [0.371709, 0.010426, 0.928291], [0.684199, 0.672767, -0.281526]]], "btipPosition": [-166.136414, 264.299316, -97.535667], "carpPosition": [-198.360184, 232.979065, -83.766571], "dipPosition": [-158.21167, 272.091644, -100.79644], "direction": [-0.029955, -0.337151, 0.940974], "extended": false, "handId": 210, "id": 2103, "length": 51.779594, "mcpPosition": [-185.31665, 259.143188, -131.002228], "pipPosition": [-157.542419, 279.624298, -121.819778], "timeVisible": 2.747574, "tipPosition": [-166.136414, 264.299316, -97.535667], "type": 3, "width": 16.031223}, {"bases": [[[-0.509597, 0.754607, 0.413376], [-0.854415, -0.387185, -0.3465], [-0.101418, -0.52977, 0.842056]], [[-0.50317, 0.764113, 0.403672], [-0.523818, 0.101849, -0.84572], [-0.687339, -0.636991, 0.349009]], [[-0.525385, 0.753471, 0.395288], [0.633948, 0.656505, -0.408792], [-0.567521, 0.035819, -0.822579]], [[-0.524428, 0.765172, 0.373481], [0.58024, 0.000149, 0.814446], [0.623135, 0.643826, -0.444061]]], "btipPosition": [-175.661072, 281.576843, -114.487534], "carpPosition": [-202.705521, 243.687622, -79.013222], "dipPosition": [-168.97757, 288.482269, -119.250359], "direction": [0.567521, -0.035819, 0.822579], "extended": false, "handId": 210, "id": 2104, "length": 40.739803, "mcpPosition": [-197.490295, 270.929932, -122.314163], "pipPosition": [-177.940231, 289.047943, -132.241058], "timeVisible": 2.747574, "tipPosition": [-175.661072, 281.576843, -114.487534], "type": 4, "width": 14.240186}], "timestamp": 2770525413, "label": 16}, {"currentFrameRate": 115.370796, "devices": [], "hands": [{"armBasis": [[-0.726423, 0.68719, -0.008954], [-0.500683, -0.538103, -0.678057], [-0.470772, -0.488073, 0.734955]], "armWidth": 56.508671, "confidence": 0.78648, "direction": [0.230388, 0.299058, -0.926005], "elbow": [-314.610626, 108.191254, 119.030418], "grabAngle": 3.141593, "grabStrength": 1.0, "id": 210, "palmNormal": [0.621366, 0.68713, 0.376507], "palmPosition": [-176.583969, 245.199677, -116.211769], "palmVelocity": [-3.443388, 3.928215, -1.607696], "palmWidth": 80.692467, "pinchDistance": 35.010193, "pinchStrength": 0.0, "timeVisible": 2.851558, "type": "right", "wrist": [-201.88739, 225.057236, -56.949738]}], "id": 276174, "pointables": [{"bases": [[[-0.812159, -0.289792, -0.506378], [0.234901, -0.956884, 0.170862], [-0.53406, 0.019818, 0.845214]], [[-0.458357, -0.339014, -0.821571], [-0.003166, -0.923764, 0.382949], [-0.888762, 0.178128, 0.422341]], [[-0.455418, -0.339537, -0.822988], [0.033779, -0.930341, 0.365135], [-0.889637, 0.138489, 0.435163]], [[-0.451661, -0.340015, -0.824859], [0.080914, -0.936334, 0.34166], [-0.888513, 0.087572, 0.450418]]], "btipPosition": [-98.61834, 211.239426, -105.400681], "carpPosition": [-171.320374, 223.426849, -70.109894], "dipPosition": [-111.368134, 212.496048, -98.93737], "direction": [0.889637, -0.138489, -0.435163], "extended": true, "handId": 210, "id": 2100, "length": 41.601143, "mcpPosition": [-171.320374, 223.426849, -70.109894], "pipPosition": [-135.612122, 216.270096, -87.078499], "timeVisible": 2.851558, "tipPosition": [-98.61834, 211.239426, -105.400681], "type": 0, "width": 17.958265}, {"bases": [[[-0.699569, 0.702943, -0.128351], [-0.562148, -0.652287, -0.50844], [-0.441126, -0.283537, 0.851478]], [[-0.726756, 0.677005, -0.116145], [0.343407, 0.211665, -0.915024], [-0.594893, -0.704884, -0.386317]], [[-0.680911, 0.730052, 0.058172], [0.687631, 0.609964, 0.393836], [0.252038, 0.308168, -0.917338]], [[-0.717118, 0.686417, 0.120718], [0.414514, 0.280818, 0.865633], [0.560285, 0.6708, -0.485909]]], "btipPosition": [-147.156921, 246.009735, -101.500183], "carpPosition": [-185.771759, 216.116913, -82.342148], "dipPosition": [-141.242584, 253.090668, -106.62941], "direction": [-0.252038, -0.308169, 0.917338], "extended": false, "handId": 210, "id": 2101, "length": 47.377865, "mcpPosition": [-156.991089, 234.615875, -137.895599], "pipPosition": [-136.337265, 259.08844, -124.483231], "timeVisible": 2.851558, "tipPosition": [-147.156921, 246.009735, -101.500183], "type": 1, "width": 17.153734}, {"bases": [[[-0.646584, 0.759004, 0.076437], [-0.681874, -0.530122, -0.504003], [-0.342019, -0.378, 0.860313]], [[-0.659422, 0.747358, 0.081355], [0.30274, 0.363045, -0.881219], [-0.688121, -0.556466, -0.465655]], [[-0.619766, 0.757564, 0.204908], [0.738888, 0.475293, 0.47764], [0.264451, 0.447429, -0.854326]], [[-0.64362, 0.726586, 0.240473], [0.476531, 0.134578, 0.868797], [0.598893, 0.673767, -0.432857]]], "btipPosition": [-158.379471, 250.781952, -95.620384], "carpPosition": [-193.045013, 224.020218, -84.912598], "dipPosition": [-151.435349, 258.594238, -100.639336], "direction": [-0.264451, -0.447429, 0.854326], "extended": false, "handId": 210, "id": 2102, "length": 53.756966, "mcpPosition": [-171.88353, 247.407913, -138.142075], "pipPosition": [-145.378586, 268.841766, -120.206055], "timeVisible": 2.851558, "tipPosition": [-158.379471, 250.781952, -95.620384], "type": 2, "width": 16.847246}, {"bases": [[[-0.636613, 0.732894, 0.239981], [-0.736882, -0.486319, -0.469572], [-0.227439, -0.475773, 0.849654]], [[-0.644198, 0.724667, 0.244678], [0.02371, 0.338666, -0.940608], [-0.764491, -0.600136, -0.235349]], [[-0.647481, 0.723463, 0.239517], [0.761969, 0.609187, 0.219759], [0.013076, 0.324795, -0.945694]], [[-0.645434, 0.72636, 0.236253], [0.302747, -0.040692, 0.952202], [0.701255, 0.686109, -0.193639]]], "btipPosition": [-167.778793, 265.51297, -100.252716], "carpPosition": [-199.287827, 232.869888, -84.842438], "dipPosition": [-159.648346, 273.467804, -102.497795], "direction": [-0.013076, -0.324795, 0.945694], "extended": false, "handId": 210, "id": 2103, "length": 51.801529, "mcpPosition": [-186.653381, 259.2995, -132.041473], "pipPosition": [-159.356033, 280.728302, -123.637955], "timeVisible": 2.851558, "tipPosition": [-167.778793, 265.51297, -100.252716], "type": 3, "width": 16.031223}, {"bases": [[[-0.528093, 0.743115, 0.410972], [-0.844108, -0.406517, -0.349608], [-0.092731, -0.53153, 0.841948]], [[-0.523458, 0.750485, 0.403442], [-0.544863, 0.069195, -0.835665], [-0.65507, -0.657256, 0.37269]], [[-0.543185, 0.740118, 0.396454], [0.603118, 0.67245, -0.429022], [-0.584122, 0.00607, -0.811643]], [[-0.543043, 0.750418, 0.376798], [0.594153, 0.026297, 0.803922], [0.593369, 0.66044, -0.460144]]], "btipPosition": [-177.631607, 282.317719, -116.249931], "carpPosition": [-203.884598, 243.478226, -80.111839], "dipPosition": [-171.267334, 289.401367, -121.185272], "direction": [0.584122, -0.00607, 0.811643], "extended": false, "handId": 210, "id": 2104, "length": 40.733364, "mcpPosition": [-199.116074, 270.811035, -123.407249], "pipPosition": [-180.49202, 289.497223, -134.003067], "timeVisible": 2.851558, "tipPosition": [-177.631607, 282.317719, -116.249931], "type": 4, "width": 14.240186}], "timestamp": 2770629397, "label": 16}, {"currentFrameRate": 115.346748, "devices": [], "hands": [{"armBasis": [[-0.730776, 0.682521, -0.011505], [-0.496451, -0.542967, -0.677291], [-0.468512, -0.489236, 0.735625]], "armWidth": 56.508671, "confidence": 0.784515, "direction": [0.233943, 0.292342, -0.927258], "elbow": [-312.493256, 108.445618, 118.306015], "grabAngle": 3.141593, "grabStrength": 1.0, "id": 210, "palmNormal": [0.618949, 0.690713, 0.373923], "palmPosition": [-174.827545, 245.375931, -117.131195], "palmVelocity": [54.742432, 15.477447, -5.532388], "palmWidth": 80.692467, "pinchDistance": 34.952873, "pinchStrength": 0.0, "timeVisible": 2.95565, "type": "right", "wrist": [-200.31105, 225.590057, -57.834667]}], "id": 276186, "pointables": [{"bases": [[[-0.809665, -0.294601, -0.507595], [0.235318, -0.955279, 0.179074], [-0.537651, 0.025544, 0.842781]], [[-0.448415, -0.346076, -0.824109], [-0.004665, -0.921083, 0.389338], [-0.893813, 0.17843, 0.411413]], [[-0.44542, -0.346604, -0.82551], [0.034627, -0.928005, 0.370954], [-0.894652, 0.136645, 0.425354]], [[-0.442071, -0.347027, -0.82713], [0.078528, -0.933561, 0.349711], [-0.893536, 0.089644, 0.439952]]], "btipPosition": [-96.39933, 211.70079, -105.29509], "carpPosition": [-169.605209, 223.893738, -70.816978], "dipPosition": [-109.24752, 212.989792, -98.969002], "direction": [0.894652, -0.136645, -0.425354], "extended": true, "handId": 210, "id": 2100, "length": 41.675064, "mcpPosition": [-169.605209, 223.893738, -70.816978], "pipPosition": [-133.667953, 216.719666, -87.358521], "timeVisible": 2.95565, "tipPosition": [-96.39933, 211.70079, -105.29509], "type": 0, "width": 17.958265}, {"bases": [[[-0.699858, 0.701097, -0.136606], [-0.559216, -0.656794, -0.505865], [-0.444383, -0.277642, 0.851727]], [[-0.722057, 0.68008, -0.126981], [0.363587, 0.216872, -0.905964], [-0.58859, -0.700327, -0.403862]], [[-0.683212, 0.729333, 0.035986], [0.676554, 0.613687, 0.407018], [0.274767, 0.302426, -0.912711]], [[-0.71544, 0.692718, 0.091037], [0.416012, 0.317679, 0.852065], [0.56132, 0.647474, -0.515459]]], "btipPosition": [-145.95224, 246.2836, -101.386116], "carpPosition": [-184.10788, 216.574982, -83.045319], "dipPosition": [-140.026352, 253.119019, -106.82785], "direction": [-0.274767, -0.302426, 0.912711], "extended": false, "handId": 210, "id": 2101, "length": 47.381226, "mcpPosition": [-155.114777, 234.689316, -138.615051], "pipPosition": [-134.678375, 259.005341, -124.592567], "timeVisible": 2.95565, "tipPosition": [-145.95224, 246.2836, -101.386116], "type": 1, "width": 17.153734}, {"bases": [[[-0.647806, 0.758767, 0.067974], [-0.679105, -0.534746, -0.502855], [-0.345201, -0.371914, 0.861694]], [[-0.659869, 0.747866, 0.072599], [0.308372, 0.357656, -0.88147], [-0.685186, -0.559267, -0.466627]], [[-0.621792, 0.759268, 0.192058], [0.738276, 0.486397, 0.467297], [0.261387, 0.432354, -0.862987]], [[-0.644683, 0.72992, 0.227157], [0.479851, 0.155078, 0.863535], [0.595085, 0.665708, -0.450229]]], "btipPosition": [-156.529007, 251.33992, -96.084579], "carpPosition": [-191.410995, 224.394577, -85.747704], "dipPosition": [-149.625916, 259.062256, -101.30732], "direction": [-0.261387, -0.432354, 0.862987], "extended": false, "handId": 210, "id": 2102, "length": 53.780308, "mcpPosition": [-170.052658, 247.405716, -139.062607], "pipPosition": [-143.638794, 268.965393, -121.074196], "timeVisible": 2.95565, "tipPosition": [-156.529007, 251.33992, -96.084579], "type": 2, "width": 16.847246}, {"bases": [[[-0.638495, 0.733904, 0.231751], [-0.734311, -0.490752, -0.468988], [-0.23046, -0.469624, 0.852257]], [[-0.646474, 0.72534, 0.236543], [0.045296, 0.345986, -0.937146], [-0.76159, -0.595126, -0.256526]], [[-0.646609, 0.725292, 0.236323], [0.762384, 0.603957, 0.232393], [0.025823, 0.330436, -0.943475]], [[-0.64653, 0.725406, 0.236189], [0.34649, 0.003392, 0.938047], [0.679664, 0.688313, -0.253539]]], "btipPosition": [-166.090134, 265.244354, -99.935829], "carpPosition": [-197.655151, 233.250748, -85.784538], "dipPosition": [-158.213074, 273.221649, -102.874252], "direction": [-0.025823, -0.330436, 0.943475], "extended": false, "handId": 210, "id": 2103, "length": 51.807888, "mcpPosition": [-184.852875, 259.338776, -133.128159], "pipPosition": [-157.635925, 280.606812, -123.960678], "timeVisible": 2.95565, "tipPosition": [-166.090134, 265.244354, -99.935829], "type": 3, "width": 16.031223}, {"bases": [[[-0.530712, 0.745548, 0.403116], [-0.842137, -0.410178, -0.350084], [-0.095655, -0.525273, 0.84554]], [[-0.525661, 0.753072, 0.39568], [-0.49392, 0.108519, -0.862709], [-0.692621, -0.648927, 0.314913]], [[-0.546676, 0.742641, 0.38682], [0.634874, 0.66882, -0.386802], [-0.545968, 0.034127, -0.837111]], [[-0.545413, 0.754241, 0.365575], [0.56273, 0.006271, 0.826617], [0.621176, 0.656568, -0.427854]]], "btipPosition": [-175.678802, 281.802521, -115.802597], "carpPosition": [-202.271454, 243.902466, -81.168907], "dipPosition": [-169.016174, 288.844757, -120.391693], "direction": [0.545968, -0.034127, 0.837111], "extended": false, "handId": 210, "id": 2104, "length": 40.750355, "mcpPosition": [-197.352615, 270.913513, -124.64904], "pipPosition": [-177.638733, 289.383728, -133.61232], "timeVisible": 2.95565, "tipPosition": [-175.678802, 281.802521, -115.802597], "type": 4, "width": 14.240186}], "timestamp": 2770733489, "label": 16}, {"currentFrameRate": 115.382355, "devices": [], "hands": [{"armBasis": [[-0.719009, 0.694896, 0.012035], [-0.516907, -0.523108, -0.677617], [-0.464578, -0.493434, 0.735316]], "armWidth": 56.508671, "confidence": 0.785748, "direction": [0.210673, 0.295074, -0.93196], "elbow": [-303.004242, 107.43367, 117.243576], "grabAngle": 3.141593, "grabStrength": 1.0, "id": 210, "palmNormal": [0.639426, 0.679526, 0.359693], "palmPosition": [-167.641174, 245.466904, -118.644173], "palmVelocity": [85.452087, -22.901814, -0.556595], "palmWidth": 80.692467, "pinchDistance": 35.598587, "pinchStrength": 0.0, "timeVisible": 3.051036, "type": "right", "wrist": [-191.764023, 225.583252, -58.823158]}], "id": 276197, "pointables": [{"bases": [[[-0.828354, -0.279919, -0.485258], [0.226908, -0.959628, 0.166216], [-0.512194, 0.027577, 0.858427]], [[-0.455476, -0.339958, -0.822782], [-0.023423, -0.91932, 0.392812], [-0.88994, 0.198189, 0.410766]], [[-0.452379, -0.340583, -0.824231], [0.011254, -0.926313, 0.376587], [-0.891755, 0.161084, 0.422878]], [[-0.450311, -0.340927, -0.825221], [0.034402, -0.93017, 0.365513], [-0.892209, 0.136205, 0.430594]]], "btipPosition": [-88.33149, 209.269791, -106.910545], "carpPosition": [-161.322083, 223.600861, -72.642334], "dipPosition": [-101.171707, 211.22998, -100.713654], "direction": [0.891755, -0.161084, -0.422878], "extended": true, "handId": 210, "id": 2100, "length": 41.706203, "mcpPosition": [-161.322083, 223.600861, -72.642334], "pipPosition": [-125.529732, 215.629944, -89.162872], "timeVisible": 3.051036, "tipPosition": [-88.33149, 209.269791, -106.910545], "type": 0, "width": 17.958265}, {"bases": [[[-0.693557, 0.711704, -0.111604], [-0.583127, -0.645587, -0.493132], [-0.423015, -0.276936, 0.862766]], [[-0.713048, 0.69351, -0.102986], [0.353311, 0.228551, -0.907158], [-0.605586, -0.683233, -0.407992]], [[-0.671392, 0.738678, 0.059892], [0.690671, 0.594356, 0.411963], [0.268711, 0.317954, -0.90923]], [[-0.703536, 0.701389, 0.114416], [0.429756, 0.291673, 0.854539], [0.565992, 0.65037, -0.506628]]], "btipPosition": [-138.893982, 245.333466, -103.528008], "carpPosition": [-176.312042, 216.599716, -84.456451], "dipPosition": [-132.916458, 252.202118, -108.878586], "direction": [-0.268711, -0.317954, 0.90923], "extended": false, "handId": 210, "id": 2101, "length": 47.390869, "mcpPosition": [-148.713058, 234.66803, -140.746384], "pipPosition": [-127.685165, 258.39209, -126.579582], "timeVisible": 3.051036, "tipPosition": [-138.893982, 245.333466, -103.528008], "type": 1, "width": 17.153734}, {"bases": [[[-0.634692, 0.767305, 0.091698], [-0.701132, -0.521895, -0.485839], [-0.32493, -0.372651, 0.869225]], [[-0.646307, 0.756966, 0.096385], [0.290755, 0.361072, -0.886052], [-0.705513, -0.544638, -0.453455]], [[-0.607293, 0.766371, 0.209455], [0.753907, 0.472721, 0.456244], [0.250638, 0.434984, -0.864852]], [[-0.627912, 0.739593, 0.24234], [0.509105, 0.154804, 0.846668], [0.588675, 0.65501, -0.473734]]], "btipPosition": [-148.859039, 251.001541, -97.899513], "carpPosition": [-183.603119, 224.502808, -86.918373], "dipPosition": [-142.028458, 258.601837, -103.3964], "direction": [-0.250638, -0.434984, 0.864852], "extended": false, "handId": 210, "id": 2102, "length": 53.797482, "mcpPosition": [-163.498962, 247.559555, -140.699219], "pipPosition": [-136.286667, 268.566742, -123.209038], "timeVisible": 3.051036, "tipPosition": [-148.859039, 251.001541, -97.899513], "type": 2, "width": 16.847246}, {"bases": [[[-0.620918, 0.741248, 0.254974], [-0.754687, -0.477354, -0.45009], [-0.211915, -0.471895, 0.855808]], [[-0.628789, 0.732937, 0.259668], [0.04701, 0.369167, -0.928174], [-0.776154, -0.571418, -0.266583]], [[-0.628338, 0.733068, 0.260389], [0.777558, 0.581308, 0.239761], [0.024395, 0.353118, -0.935261]], [[-0.628565, 0.732727, 0.260799], [0.40424, 0.021311, 0.914405], [0.664451, 0.680188, -0.309593]]], "btipPosition": [-158.436646, 264.326111, -100.253151], "carpPosition": [-189.717941, 233.450516, -86.728333], "dipPosition": [-150.73967, 272.205383, -103.839462], "direction": [-0.024395, -0.353118, 0.935261], "extended": false, "handId": 210, "id": 2103, "length": 51.806103, "mcpPosition": [-177.945862, 259.664703, -134.269226], "pipPosition": [-150.194565, 280.095703, -124.737579], "timeVisible": 3.051036, "tipPosition": [-158.436646, 264.326111, -100.253151], "type": 3, "width": 16.031223}, {"bases": [[[-0.507983, 0.750264, 0.423151], [-0.857813, -0.396054, -0.327564], [-0.078169, -0.529381, 0.844775]], [[-0.503894, 0.756547, 0.416807], [-0.525435, 0.114524, -0.843091], [-0.685572, -0.643833, 0.339808]], [[-0.523821, 0.747107, 0.409197], [0.632251, 0.66292, -0.400994], [-0.57085, 0.048667, -0.819611]], [[-0.523107, 0.758026, 0.389558], [0.58826, -0.009603, 0.808615], [0.616693, 0.652153, -0.440893]]], "btipPosition": [-168.070099, 281.932037, -117.333641], "carpPosition": [-194.007477, 244.146072, -81.895012], "dipPosition": [-161.455109, 288.927399, -122.062904], "direction": [0.57085, -0.048667, 0.819611], "extended": false, "handId": 210, "id": 2104, "length": 40.755234, "mcpPosition": [-189.987793, 271.368378, -125.3358], "pipPosition": [-170.471909, 289.696106, -135.008972], "timeVisible": 3.051036, "tipPosition": [-168.070099, 281.932037, -117.333641], "type": 4, "width": 14.240186}], "timestamp": 2770828875, "label": 16}], [{"currentFrameRate": 115.361969, "devices": [], "hands": [{"armBasis": [[-0.720127, 0.693827, -0.00451], [-0.515047, -0.538903, -0.666566], [-0.464912, -0.477689, 0.745433]], "armWidth": 56.508671, "confidence": 0.793469, "direction": [0.186006, 0.289822, -0.938832], "elbow": [-302.478424, 110.644279, 119.371094], "grabAngle": 3.141593, "grabStrength": 1.0, "id": 210, "palmNormal": [0.630267, 0.697828, 0.340294], "palmPosition": [-168.385544, 244.641922, -119.574768], "palmVelocity": [-27.7227, 40.454674, -30.146595], "palmWidth": 80.692467, "pinchDistance": 37.573277, "pinchStrength": 0.0, "timeVisible": 3.354546, "type": "right", "wrist": [-191.158249, 225.023895, -59.11792]}], "id": 276232, "pointables": [{"bases": [[[-0.830746, -0.304028, -0.466292], [0.252172, -0.952335, 0.171663], [-0.496256, 0.025023, 0.867815]], [[-0.429601, -0.364634, -0.826127], [-0.012751, -0.912309, 0.409304], [-0.902929, 0.186371, 0.38728]], [[-0.425377, -0.365394, -0.827974], [0.032326, -0.920423, 0.389585], [-0.904439, 0.138956, 0.403338]], [[-0.4197, -0.366065, -0.830571], [0.092953, -0.927589, 0.361854], [-0.902891, 0.074666, 0.423336]]], "btipPosition": [-86.788361, 211.08075, -106.151894], "carpPosition": [-160.751633, 223.439056, -73.488785], "dipPosition": [-99.768059, 212.154129, -100.066132], "direction": [0.904439, -0.138956, -0.403338], "extended": true, "handId": 210, "id": 2100, "length": 41.666615, "mcpPosition": [-160.751633, 223.439056, -73.488785], "pipPosition": [-124.451004, 215.94635, -89.058662], "timeVisible": 3.354546, "tipPosition": [-86.788361, 211.08075, -106.151894], "type": 0, "width": 17.958265}, {"bases": [[[-0.711836, 0.694374, -0.105517], [-0.57732, -0.664039, -0.475135], [-0.399989, -0.277301, 0.873563]], [[-0.735103, 0.67148, -0.093476], [0.303558, 0.202716, -0.930999], [-0.606199, -0.712755, -0.35285]], [[-0.689412, 0.722225, 0.055702], [0.693057, 0.635293, 0.340696], [0.210672, 0.273485, -0.938522]], [[-0.719471, 0.685053, 0.114299], [0.435679, 0.317012, 0.842429], [0.540875, 0.655901, -0.526544]]], "btipPosition": [-138.418213, 246.510574, -105.866287], "carpPosition": [-175.748047, 215.923401, -84.953896], "dipPosition": [-132.705978, 253.437607, -111.42717], "direction": [-0.210672, -0.273485, 0.938522], "extended": false, "handId": 210, "id": 2101, "length": 47.387909, "mcpPosition": [-149.651306, 234.015533, -141.948273], "pipPosition": [-128.604752, 258.761627, -129.697708], "timeVisible": 3.354546, "tipPosition": [-138.418213, 246.510574, -105.866287], "type": 1, "width": 17.153734}, {"bases": [[[-0.650413, 0.753486, 0.09603], [-0.697994, -0.543014, -0.46684], [-0.299612, -0.370667, 0.879112]], [[-0.662175, 0.742471, 0.101303], [0.261773, 0.355867, -0.897125], [-0.702139, -0.567535, -0.430005]], [[-0.615964, 0.755316, 0.223797], [0.75965, 0.49427, 0.422647], [0.208616, 0.430343, -0.878228]], [[-0.638957, 0.722826, 0.263166], [0.511891, 0.144171, 0.846866], [0.574196, 0.675823, -0.462127]]], "btipPosition": [-149.074661, 250.791534, -99.664879], "carpPosition": [-183.235687, 223.680298, -87.324577], "dipPosition": [-142.412903, 258.632355, -105.026428], "direction": [-0.208616, -0.430343, 0.878228], "extended": false, "handId": 210, "id": 2102, "length": 53.77985, "mcpPosition": [-164.698044, 246.614288, -141.717209], "pipPosition": [-137.634415, 268.489655, -125.14286], "timeVisible": 3.354546, "tipPosition": [-149.074661, 250.791534, -99.664879], "type": 2, "width": 16.847246}, {"bases": [[[-0.632933, 0.729503, 0.259269], [-0.751875, -0.499333, -0.430524], [-0.184607, -0.467431, 0.86454]], [[-0.641157, 0.720191, 0.265033], [-0.019559, 0.329912, -0.943809], [-0.767161, -0.610313, -0.197439]], [[-0.639749, 0.720709, 0.267019], [0.767226, 0.619482, 0.166153], [-0.045665, 0.31116, -0.94926]], [[-0.640378, 0.719655, 0.268351], [0.417029, 0.032389, 0.908316], [0.644983, 0.693576, -0.320858]]], "btipPosition": [-158.336899, 265.263947, -103.128914], "carpPosition": [-189.550797, 232.480057, -87.087929], "dipPosition": [-150.86319, 273.30072, -106.84684], "direction": [0.045665, -0.31116, 0.94926], "extended": false, "handId": 210, "id": 2103, "length": 51.7994, "mcpPosition": [-179.295715, 258.446259, -135.113876], "pipPosition": [-151.883621, 280.253906, -128.059006], "timeVisible": 3.354546, "tipPosition": [-158.336899, 265.263947, -103.128914], "type": 3, "width": 16.031223}, {"bases": [[[-0.517055, 0.742909, 0.425135], [-0.854502, -0.419111, -0.306874], [-0.049801, -0.52195, 0.851521]], [[-0.519761, 0.738453, 0.429576], [-0.529556, 0.116091, -0.840294], [-0.670387, -0.664236, 0.330713]], [[-0.528763, 0.733974, 0.426255], [0.600457, 0.678418, -0.42332], [-0.599884, 0.032112, -0.799442]], [[-0.52903, 0.739022, 0.417102], [0.635435, 0.019211, 0.771915], [0.562449, 0.673408, -0.479764]]], "btipPosition": [-168.953323, 281.108978, -117.75547], "carpPosition": [-194.035538, 243.091141, -82.322052], "dipPosition": [-162.921371, 288.330902, -122.900673], "direction": [0.599884, -0.032112, 0.799442], "extended": false, "handId": 210, "id": 2104, "length": 40.745262, "mcpPosition": [-191.474625, 269.931305, -126.109741], "pipPosition": [-172.392929, 288.837921, -135.523041], "timeVisible": 3.354546, "tipPosition": [-168.953323, 281.108978, -117.75547], "type": 4, "width": 14.240186}], "timestamp": 2771132385, "label": 16}, {"currentFrameRate": 115.092316, "devices": [], "hands": [{"armBasis": [[-0.722114, 0.69174, 0.006927], [-0.517597, -0.533627, -0.668832], [-0.458961, -0.486558, 0.743381]], "armWidth": 56.508671, "confidence": 0.797062, "direction": [0.20413, 0.28711, -0.935895], "elbow": [-301.990723, 111.014191, 118.457809], "grabAngle": 3.141593, "grabStrength": 1.0, "id": 210, "palmNormal": [0.637003, 0.686983, 0.349688], "palmPosition": [-168.387833, 246.930771, -119.684021], "palmVelocity": [41.938107, 34.841835, 11.992185], "palmWidth": 80.692467, "pinchDistance": 36.395348, "pinchStrength": 0.0, "timeVisible": 3.450512, "type": "right", "wrist": [-192.095398, 227.517303, -59.540058]}], "id": 276243, "pointables": [{"bases": [[[-0.829039, -0.289811, -0.478229], [0.233696, -0.956517, 0.174532], [-0.508016, 0.032933, 0.860718]], [[-0.418559, -0.34913, -0.838401], [-0.010645, -0.921207, 0.388926], [-0.908127, 0.171713, 0.381863]], [[-0.413214, -0.349966, -0.840701], [0.045443, -0.929979, 0.364794], [-0.909499, 0.112534, 0.400184]], [[-0.405532, -0.350555, -0.844189], [0.126048, -0.936162, 0.328196], [-0.905348, 0.026685, 0.42383]]], "btipPosition": [-87.242088, 215.172745, -105.908165], "carpPosition": [-161.670486, 225.540436, -73.505188], "dipPosition": [-100.280983, 215.557068, -99.804131], "direction": [0.909499, -0.112534, -0.400184], "extended": true, "handId": 210, "id": 2100, "length": 41.732307, "mcpPosition": [-161.670486, 225.540436, -73.505188], "pipPosition": [-125.13781, 218.63266, -88.867012], "timeVisible": 3.450512, "tipPosition": [-87.242088, 215.172745, -105.908165], "type": 0, "width": 17.958265}, {"bases": [[[-0.698516, 0.706279, -0.115088], [-0.58159, -0.654023, -0.483742], [-0.416927, -0.270967, 0.867611]], [[-0.718451, 0.687516, -0.105589], [0.333407, 0.207155, -0.919743], [-0.610465, -0.695994, -0.378053]], [[-0.680488, 0.731985, 0.033658], [0.686939, 0.621276, 0.377002], [0.255049, 0.279666, -0.925601]], [[-0.708213, 0.701073, 0.083255], [0.427836, 0.332378, 0.840525], [0.561597, 0.630889, -0.535338]]], "btipPosition": [-139.199051, 248.094513, -104.957443], "carpPosition": [-176.699341, 218.358643, -85.155922], "dipPosition": [-133.266403, 254.759155, -110.612694], "direction": [-0.255049, -0.279666, 0.925601], "extended": false, "handId": 210, "id": 2101, "length": 47.396091, "mcpPosition": [-149.497513, 236.037521, -141.761948], "pipPosition": [-128.3004, 260.204468, -128.634842], "timeVisible": 3.450512, "tipPosition": [-139.199051, 248.094513, -104.957443], "type": 1, "width": 17.153734}, {"bases": [[[-0.638972, 0.764254, 0.087351], [-0.700322, -0.530993, -0.477069], [-0.318219, -0.366008, 0.874514]], [[-0.650159, 0.754199, 0.092071], [0.282911, 0.352767, -0.891917], [-0.705163, -0.55384, -0.442726]], [[-0.60934, 0.765825, 0.205467], [0.758983, 0.488357, 0.430643], [0.229456, 0.418354, -0.878823]], [[-0.62923, 0.739306, 0.239784], [0.527128, 0.179226, 0.830671], [0.571144, 0.64908, -0.502483]]], "btipPosition": [-149.051682, 253.078934, -98.738457], "carpPosition": [-184.062469, 226.180389, -87.670471], "dipPosition": [-142.424759, 260.610138, -104.568718], "direction": [-0.229456, -0.418354, 0.878823], "extended": false, "handId": 210, "id": 2102, "length": 53.797955, "mcpPosition": [-164.373535, 248.826096, -141.77858], "pipPosition": [-137.168961, 270.192749, -124.698601], "timeVisible": 3.450512, "tipPosition": [-149.051682, 253.078934, -98.738457], "type": 2, "width": 16.847246}, {"bases": [[[-0.624213, 0.739903, 0.250804], [-0.753971, -0.486431, -0.441489], [-0.20466, -0.464682, 0.861502]], [[-0.631847, 0.731688, 0.25574], [0.016226, 0.342361, -0.939428], [-0.774924, -0.589425, -0.228193]], [[-0.631184, 0.731915, 0.256725], [0.775457, 0.60253, 0.188742], [-0.016541, 0.31821, -0.947876]], [[-0.631479, 0.731439, 0.257353], [0.443591, 0.068559, 0.893603], [0.635973, 0.678451, -0.367753]]], "btipPosition": [-158.138901, 267.02121, -101.788612], "carpPosition": [-190.224579, 235.096191, -87.529678], "dipPosition": [-150.772156, 274.880005, -106.048454], "direction": [0.016541, -0.31821, 0.947876], "extended": false, "handId": 210, "id": 2103, "length": 51.807137, "mcpPosition": [-178.855545, 260.909698, -135.386871], "pipPosition": [-151.141724, 281.989471, -127.225952], "timeVisible": 3.450512, "tipPosition": [-158.138901, 267.02121, -101.788612], "type": 3, "width": 16.031223}, {"bases": [[[-0.510488, 0.751281, 0.418304], [-0.85698, -0.404557, -0.319247], [-0.070617, -0.52145, 0.850355]], [[-0.506976, 0.756377, 0.413363], [-0.465619, 0.163257, -0.869796], [-0.725378, -0.633436, 0.269416]], [[-0.526284, 0.747763, 0.404815], [0.649591, 0.660771, -0.376051], [-0.548687, 0.065055, -0.833493]], [[-0.525563, 0.758412, 0.38548], [0.605918, 0.015622, 0.795373], [0.597199, 0.651588, -0.467746]]], "btipPosition": [-168.013382, 282.661255, -116.041611], "carpPosition": [-194.571228, 245.814072, -82.814819], "dipPosition": [-161.609238, 289.648651, -121.057556], "direction": [0.548687, -0.065055, 0.833493], "extended": false, "handId": 210, "id": 2104, "length": 40.759319, "mcpPosition": [-190.939926, 272.62854, -126.542519], "pipPosition": [-170.273056, 290.675873, -134.218491], "timeVisible": 3.450512, "tipPosition": [-168.013382, 282.661255, -116.041611], "type": 4, "width": 14.240186}], "timestamp": 2771228351, "label": 16}, {"currentFrameRate": 115.393738, "devices": [], "hands": [{"armBasis": [[-0.70745, 0.706645, 0.012929], [-0.533395, -0.521823, -0.665726], [-0.463685, -0.477864, 0.746084]], "armWidth": 56.508671, "confidence": 0.796385, "direction": [0.196988, 0.281432, -0.939144], "elbow": [-297.609619, 114.889992, 115.597183], "grabAngle": 3.141593, "grabStrength": 1.0, "id": 210, "palmNormal": [0.654215, 0.675719, 0.339716], "palmPosition": [-163.259796, 248.181671, -123.511276], "palmVelocity": [10.723894, 21.054064, -12.762758], "palmWidth": 80.692467, "pinchDistance": 36.411976, "pinchStrength": 0.0, "timeVisible": 3.554009, "type": "right", "wrist": [-186.583221, 229.311508, -63.047878]}], "id": 276255, "pointables": [{"bases": [[[-0.840541, -0.275302, -0.466582], [0.218212, -0.960348, 0.173538], [-0.495857, 0.044052, 0.867286]], [[-0.430232, -0.340927, -0.835864], [-0.016725, -0.922772, 0.384983], [-0.902564, 0.179612, 0.391304]], [[-0.425625, -0.341696, -0.837906], [0.037708, -0.931859, 0.360856], [-0.904113, 0.121993, 0.409508]], [[-0.418912, -0.342289, -0.841042], [0.116935, -0.938853, 0.323853], [-0.900466, 0.037318, 0.433322]]], "btipPosition": [-82.429192, 215.671265, -110.498253], "carpPosition": [-156.361404, 226.761505, -77.348999], "dipPosition": [-95.38163, 216.208054, -104.265282], "direction": [0.904113, -0.121993, -0.409508], "extended": true, "handId": 210, "id": 2100, "length": 41.688137, "mcpPosition": [-156.361404, 226.761505, -77.348999], "pipPosition": [-120.067535, 219.538956, -93.084091], "timeVisible": 3.554009, "tipPosition": [-82.429192, 215.671265, -110.498253], "type": 0, "width": 17.958265}, {"bases": [[[-0.686763, 0.718903, -0.1074], [-0.599984, -0.644057, -0.474563], [-0.410336, -0.261474, 0.873645]], [[-0.70778, 0.699736, -0.097041], [0.319165, 0.194193, -0.92759], [-0.630224, -0.687501, -0.360777]], [[-0.667093, 0.743915, 0.039717], [0.7032, 0.611189, 0.363259], [0.245959, 0.270256, -0.930841]], [[-0.696727, 0.711477, 0.091503], [0.422392, 0.303805, 0.853984], [0.57979, 0.633643, -0.512191]]], "btipPosition": [-133.916931, 248.785339, -109.777664], "carpPosition": [-171.657547, 219.810181, -88.83831], "dipPosition": [-127.792519, 255.478607, -115.188011], "direction": [-0.245959, -0.270256, 0.930841], "extended": false, "handId": 210, "id": 2101, "length": 47.393642, "mcpPosition": [-144.885757, 236.86969, -145.838028], "pipPosition": [-123.003708, 260.740479, -133.311447], "timeVisible": 3.554009, "tipPosition": [-133.916931, 248.785339, -109.777664], "type": 1, "width": 17.153734}, {"bases": [[[-0.623475, 0.776159, 0.094106], [-0.716315, -0.51883, -0.466592], [-0.313325, -0.358318, 0.879452]], [[-0.634905, 0.7662