{
    "currentFrameRate": 43.966061,
    "devices": [],
    "hands": [{
        "armBasis": [
            [-0.811785,
                0.13811,
                0.56739
            ],
            [
                0.376779,
                0.866202,
                0.328226
            ],
            [
                0.446143, -0.48023,
                0.755206
            ]
        ],
        "armWidth": 57.475506,
        "confidence": 0.853488,
        "direction": [-0.359367,
            0.860421, -0.361292
        ],
        "elbow": [
            200.284531, -44.204121,
            246.587082
        ],
        "grabAngle": 0.95854,
        "grabStrength": 0.213137,
        "id": 23,
        "palmNormal": [-0.635303, -0.509157, -0.580645],
        "palmPosition": [
            66.350929,
            128.489441,
            23.41243
        ],
        "palmVelocity": [
            0.218565, -2.587374, -0.149469
        ],
        "palmWidth": 83.212059,
        "pinchDistance": 67.986397,
        "pinchStrength": 0,
        "timeVisible": 2.935123,
        "type": "left",
        "wrist": [
            90.122871,
            74.374222,
            60.11161
        ]
    }],
    "id": 3487,
    "pointables": [{
            "bases": [
                [
                    [
                        0.223048,
                        0.631696,
                        0.742435
                    ],
                    [
                        0.974484, -0.124882, -0.186507
                    ],
                    [
                        0.025099, -0.765091,
                        0.643432
                    ]
                ],
                [
                    [
                        0.262289,
                        0.828961,
                        0.493993
                    ],
                    [
                        0.928444, -0.356329,
                        0.104985
                    ],
                    [-0.263052, -0.431108,
                        0.863105
                    ]
                ],
                [
                    [
                        0.264091,
                        0.838095,
                        0.477339
                    ],
                    [
                        0.961416, -0.189219, -0.199686
                    ],
                    [
                        0.077035, -0.511657,
                        0.855729
                    ]
                ],
                [
                    [
                        0.252284,
                        0.855346,
                        0.452478
                    ],
                    [
                        0.745379,
                        0.126407, -0.654547
                    ],
                    [
                        0.61706, -0.502399,
                        0.605666
                    ]
                ]
            ],
            "btipPosition": [
                92.680008,
                124.404182, -50.108891
            ],
            "carpPosition": [
                93.228401,
                81.341835,
                24.482777
            ],
            "dipPosition": [
                102.651306,
                116.285736, -40.321712
            ],
            "direction": [-0.077035,
                0.511657, -0.855729
            ],
            "extended": true,
            "handId": 23,
            "id": 230,
            "length": 46.72971,
            "mcpPosition": [
                93.228401,
                81.341835,
                24.482777
            ],
            "pipPosition": [
                105.006279,
                100.644203, -14.161763
            ],
            "timeVisible": 2.935123,
            "tipPosition": [
                92.680008,
                124.404182, -50.108891
            ],
            "type": 0,
            "width": 18.154234
        },
        {
            "bases": [
                [
                    [-0.734188,
                        0.165035,
                        0.658583
                    ],
                    [
                        0.592748,
                        0.628827,
                        0.503216
                    ],
                    [
                        0.331087, -0.759829,
                        0.559502
                    ]
                ],
                [
                    [-0.76941,
                        0.243691,
                        0.590442
                    ],
                    [
                        0.559444,
                        0.703198,
                        0.438787
                    ],
                    [
                        0.308269, -0.667927,
                        0.67738
                    ]
                ],
                [
                    [-0.765715,
                        0.24014,
                        0.596669
                    ],
                    [
                        0.297784,
                        0.954631, -0.002057
                    ],
                    [
                        0.570093, -0.176103,
                        0.802485
                    ]
                ],
                [
                    [-0.762158,
                        0.240251,
                        0.601161
                    ],
                    [
                        0.047345,
                        0.946788, -0.318355
                    ],
                    [
                        0.645658,
                        0.214175,
                        0.732977
                    ]
                ]
            ],
            "btipPosition": [
                43.90926,
                175.512817, -51.583511
            ],
            "carpPosition": [
                97.998459,
                97.391602,
                38.141056
            ],
            "dipPosition": [
                51.515511,
                178.035934, -42.948586
            ],
            "direction": [-0.570093,
                0.176103, -0.802485
            ],
            "extended": true,
            "handId": 23,
            "id": 231,
            "length": 52.674435,
            "mcpPosition": [
                75.722694,
                148.513458,
                0.497341
            ],
            "pipPosition": [
                63.856586,
                174.22374, -25.576811
            ],
            "timeVisible": 2.935123,
            "tipPosition": [
                43.90926,
                175.512817, -51.583511
            ],
            "type": 1,
            "width": 17.340925
        },
        {
            "bases": [
                [
                    [-0.772926, -0.048772,
                        0.632619
                    ],
                    [
                        0.467216,
                        0.630841,
                        0.619474
                    ],
                    [
                        0.429295, -0.774378,
                        0.464807
                    ]
                ],
                [
                    [-0.773995, -0.046586,
                        0.631476
                    ],
                    [
                        0.518025,
                        0.526907,
                        0.67381
                    ],
                    [
                        0.364119, -0.848646,
                        0.38369
                    ]
                ],
                [
                    [-0.772223, -0.048863,
                        0.63347
                    ],
                    [
                        0.212093,
                        0.92002,
                        0.329515
                    ],
                    [
                        0.598906, -0.388813,
                        0.700097
                    ]
                ],
                [
                    [-0.770882, -0.049314,
                        0.635067
                    ],
                    [-0.021216,
                        0.998433,
                        0.051776
                    ],
                    [
                        0.636625, -0.02644,
                        0.77072
                    ]
                ]
            ],
            "btipPosition": [
                23.515038,
                197.294418, -28.531382
            ],
            "carpPosition": [
                90.134064,
                100.993431,
                45.513794
            ],
            "dipPosition": [
                31.764826,
                196.951797, -18.5439
            ],
            "direction": [-0.598906,
                0.388813, -0.700097
            ],
            "extended": true,
            "handId": 23,
            "id": 232,
            "length": 60.021214,
            "mcpPosition": [
                62.743286,
                150.401932,
                15.857184
            ],
            "pipPosition": [
                47.019924,
                187.048096, -0.711305
            ],
            "timeVisible": 2.935123,
            "tipPosition": [
                23.515038,
                197.294418, -28.531382
            ],
            "type": 2,
            "width": 17.031094
        },
        {
            "bases": [
                [
                    [-0.734334, -0.209612,
                        0.645613
                    ],
                    [
                        0.424247,
                        0.600738,
                        0.67759
                    ],
                    [
                        0.529875, -0.771477,
                        0.352215
                    ]
                ],
                [
                    [-0.725263, -0.22247,
                        0.651538
                    ],
                    [
                        0.415352,
                        0.613346,
                        0.671781
                    ],
                    [
                        0.549069, -0.757835,
                        0.352433
                    ]
                ],
                [
                    [-0.723891, -0.223635,
                        0.652663
                    ],
                    [
                        0.042956,
                        0.929561,
                        0.366158
                    ],
                    [
                        0.688576, -0.293094,
                        0.663294
                    ]
                ],
                [
                    [-0.722996, -0.223797,
                        0.653599
                    ],
                    [-0.199028,
                        0.973439,
                        0.113153
                    ],
                    [
                        0.661562,
                        0.048275,
                        0.748335
                    ]
                ]
            ],
            "btipPosition": [
                2.806411,
                182.246994, -8.807249
            ],
            "carpPosition": [
                80.74527,
                101.068733,
                51.574184
            ],
            "dipPosition": [
                11.32938,
                182.868927,
                0.833617
            ],
            "direction": [-0.688576,
                0.293094, -0.663294
            ],
            "extended": true,
            "handId": 23,
            "id": 233,
            "length": 57.707462,
            "mcpPosition": [
                50.391144,
                145.263153,
                31.397381
            ],
            "pipPosition": [
                28.413536,
                175.597015,
                17.290524
            ],
            "timeVisible": 2.935123,
            "tipPosition": [
                2.806411,
                182.246994, -8.807249
            ],
            "type": 3,
            "width": 16.206163
        },
        {
            "bases": [
                [
                    [-0.728008, -0.393852,
                        0.561147
                    ],
                    [
                        0.350002,
                        0.490288,
                        0.798196
                    ],
                    [
                        0.589494, -0.777495,
                        0.219085
                    ]
                ],
                [
                    [-0.624153, -0.508821,
                        0.592903
                    ],
                    [
                        0.30575,
                        0.539276,
                        0.784664
                    ],
                    [
                        0.718993, -0.67103,
                        0.181019
                    ]
                ],
                [
                    [-0.626389, -0.507398,
                        0.591763
                    ],
                    [-0.130078,
                        0.816541,
                        0.562442
                    ],
                    [
                        0.768581, -0.275333,
                        0.577474
                    ]
                ],
                [
                    [-0.62749, -0.507169,
                        0.590792
                    ],
                    [-0.345285,
                        0.861329,
                        0.37268
                    ],
                    [
                        0.697878, -0.029861,
                        0.715593
                    ]
                ]
            ],
            "btipPosition": [-6.025686,
                163.303162,
                19.969877
            ],
            "carpPosition": [
                69.76812,
                95.639862,
                55.943188
            ],
            "dipPosition": [
                2.271933,
                162.94812,
                28.478123
            ],
            "direction": [-0.768581,
                0.275333, -0.577474
            ],
            "extended": true,
            "handId": 23,
            "id": 234,
            "length": 45.241341,
            "mcpPosition": [
                38.508087,
                136.869293,
                44.325451
            ],
            "pipPosition": [
                15.73165,
                158.126373,
                38.591091
            ],
            "timeVisible": 2.935123,
            "tipPosition": [-6.025686,
                163.303162,
                19.969877
            ],
            "type": 4,
            "width": 14.395582
        }
    ],
    "timestamp": 740750330651
}